k	Fonction	Dist	tpsExe	Trajet	Iter
1	f2	1421.686874981409	0.26726100000001907	[8 9 0 3 2 1 5 6 4 7]	289
1	f1	1421.686874981409	0.12060900000000174	[8 9 0 3 2 1 5 6 4 7]	173
1	f3	2802.84454004106	0.12633500000004005	[3 4 1 6 9 0 7 5 2 8]	499
1	f2	1421.6868749814093	0.12145100000003595	[5 1 2 3 0 9 8 7 4 6]	175
1	f1	1421.6868749814091	0.12116900000000896	[7 8 9 0 3 2 1 5 6 4]	239
1	f3	2055.9834734188844	0.12562800000000607	[4 8 3 2 9 7 6 1 5 0]	499
1	f2	1632.9153184670415	0.10964899999999034	[4 6 5 1 0 8 9 2 3 7]	369
1	f1	1421.6868749814091	0.110904000000005	[9 8 7 4 6 5 1 2 3 0]	110
1	f3	2067.968477473094	0.1160340000000133	[1 2 3 5 6 4 0 7 9 8]	499
1	f2	1421.6868749814093	0.10807199999999284	[5 1 2 3 0 9 8 7 4 6]	226
1	f1	1421.686874981409	0.10800900000003821	[9 0 3 2 1 5 6 4 7 8]	181
1	f3	1937.7608798576284	0.11377299999998058	[8 5 6 1 2 3 0 9 4 7]	499
1	f2	1421.6868749814091	0.11199200000004339	[2 1 5 6 4 7 8 9 0 3]	58
1	f1	1421.6868749814091	0.10985099999999193	[3 0 9 8 7 4 6 5 1 2]	245
1	f3	3102.0203256730215	0.11656900000002679	[2 9 6 3 4 8 5 7 1 0]	499
1	f2	1421.6868749814091	0.1249180000000365	[1 2 3 0 9 8 7 4 6 5]	141
1	f1	1421.686874981409	0.12264399999997977	[9 0 3 2 1 5 6 4 7 8]	65
1	f3	2446.741276603904	0.12528000000003203	[5 0 3 4 6 1 7 8 2 9]	499
1	f2	1421.686874981409	0.11682899999999563	[8 9 0 3 2 1 5 6 4 7]	94
1	f1	1421.6868749814093	0.11170000000004165	[4 7 8 9 0 3 2 1 5 6]	38
1	f3	2987.937535033593	0.11704199999996945	[8 3 7 6 9 2 4 5 0 1]	499
1	f2	1421.6868749814091	0.10875199999998131	[7 8 9 0 3 2 1 5 6 4]	204
1	f1	1421.6868749814091	0.10813199999995504	[6 4 7 8 9 0 3 2 1 5]	272
1	f3	1729.4142564537856	0.11382899999995288	[1 6 3 2 9 0 8 7 4 5]	499
1	f2	1421.6868749814091	0.1104050000000143	[5 6 4 7 8 9 0 3 2 1]	189
1	f1	1421.6868749814091	0.10967799999997396	[8 7 4 6 5 1 2 3 0 9]	156
1	f3	2556.415205680962	0.11308700000000727	[6 0 9 8 2 4 3 7 1 5]	499
1	f2	1708.0788963491614	0.11546600000002627	[3 2 1 5 0 9 8 7 4 6]	27
1	f1	1421.6868749814091	0.11972900000000664	[4 6 5 1 2 3 0 9 8 7]	84
1	f3	3260.322368118631	0.12721499999997832	[8 1 4 3 0 7 2 6 9 5]	499
1	f2	1632.9153184670413	0.11572899999998754	[8 0 1 5 6 4 7 3 2 9]	89
1	f1	1421.6868749814091	0.10915199999999459	[9 8 7 4 6 5 1 2 3 0]	19
1	f3	2795.83622190988	0.11770699999999579	[5 8 9 1 3 7 2 6 4 0]	499
1	f2	1421.6868749814091	0.1114210000000071	[6 4 7 8 9 0 3 2 1 5]	215
1	f1	1421.6868749814091	0.11048199999999042	[5 6 4 7 8 9 0 3 2 1]	199
1	f3	2514.853953424117	0.11500100000000657	[4 1 5 0 8 6 3 2 7 9]	499
1	f2	1421.6868749814091	0.10922799999997324	[8 7 4 6 5 1 2 3 0 9]	365
1	f1	1421.686874981409	0.10841400000003887	[8 9 0 3 2 1 5 6 4 7]	263
1	f3	1970.598236197582	0.11386699999997063	[1 5 7 8 9 4 6 0 3 2]	492
1	f2	1421.6868749814091	0.11555000000004156	[0 9 8 7 4 6 5 1 2 3]	332
1	f1	1421.6868749814091	0.11911499999996522	[8 7 4 6 5 1 2 3 0 9]	268
1	f3	2392.358829372674	0.1264730000000327	[2 0 3 7 4 1 9 8 6 5]	499
1	f2	1421.6868749814093	0.12383199999999306	[4 7 8 9 0 3 2 1 5 6]	111
1	f1	1421.6868749814091	0.12040000000001783	[0 9 8 7 4 6 5 1 2 3]	112
1	f3	2177.086439229512	0.12698199999999815	[2 3 9 8 6 1 0 4 7 5]	495
1	f2	1421.6868749814091	0.1159359999999765	[3 2 1 5 6 4 7 8 9 0]	81
1	f1	1421.6868749814091	0.11492699999996603	[7 8 9 0 3 2 1 5 6 4]	250
1	f3	2251.943271257777	0.11944600000003902	[1 4 7 0 6 8 2 3 9 5]	498
1	f2	1421.6868749814091	0.11555800000002137	[3 2 1 5 6 4 7 8 9 0]	112
1	f1	1632.9153184670415	0.11444399999999177	[7 3 2 9 8 0 1 5 6 4]	64
1	f3	3040.0996280832833	0.1162310000000275	[4 1 7 3 0 8 6 2 5 9]	499
1	f2	1421.6868749814091	0.11044600000002447	[7 8 9 0 3 2 1 5 6 4]	225
1	f1	1421.6868749814091	0.1117800000000102	[6 5 1 2 3 0 9 8 7 4]	362
1	f3	1883.208034563453	0.11565300000000889	[2 3 5 1 0 8 6 4 7 9]	497
1	f2	1708.0788963491614	0.12301300000001447	[4 7 8 9 0 5 1 2 3 6]	99
1	f1	1421.6868749814091	0.11209400000001324	[3 2 1 5 6 4 7 8 9 0]	109
1	f3	2480.807657142166	0.11630399999995689	[1 3 6 2 9 8 0 5 7 4]	499
1	f2	1421.6868749814091	0.10984700000000203	[5 6 4 7 8 9 0 3 2 1]	293
1	f1	1421.6868749814091	0.11260499999997364	[0 9 8 7 4 6 5 1 2 3]	62
1	f3	2936.6632821376256	0.11600600000002714	[9 5 0 2 7 1 6 3 8 4]	499
1	f2	1421.686874981409	0.10905300000001716	[9 0 3 2 1 5 6 4 7 8]	201
1	f1	1421.6868749814091	0.10898500000001832	[2 3 0 9 8 7 4 6 5 1]	160
1	f3	1913.9981817922128	0.11617300000000341	[9 6 4 7 8 0 3 2 5 1]	497
1	f2	1421.6868749814091	0.10967399999998406	[2 1 5 6 4 7 8 9 0 3]	306
1	f1	1421.6868749814091	0.12095200000004525	[6 5 1 2 3 0 9 8 7 4]	261
1	f3	2571.920216265881	0.1258760000000052	[8 4 9 6 2 1 5 0 3 7]	499
1	f2	1421.6868749814091	0.12126999999998134	[7 8 9 0 3 2 1 5 6 4]	70
1	f1	1421.6868749814091	0.1204050000000052	[9 8 7 4 6 5 1 2 3 0]	147
1	f3	1421.6868749814091	0.12654399999996713	[3 2 1 5 6 4 7 8 9 0]	493
1	f2	1421.686874981409	0.12239399999998568	[9 0 3 2 1 5 6 4 7 8]	91
1	f1	1421.6868749814091	0.11963600000001406	[4 6 5 1 2 3 0 9 8 7]	40
1	f3	2387.422192426985	0.12511699999998882	[3 0 8 7 5 6 2 1 4 9]	499
1	f2	1708.0788963491614	0.12027199999999993	[8 9 0 5 1 2 3 6 4 7]	57
1	f1	1421.6868749814091	0.11749999999994998	[5 6 4 7 8 9 0 3 2 1]	310
1	f3	2238.6575889172664	0.11437600000004977	[3 0 2 7 6 4 1 5 8 9]	496
1	f2	1421.6868749814091	0.10852199999999357	[4 6 5 1 2 3 0 9 8 7]	119
1	f1	1421.6868749814091	0.10960899999997764	[0 9 8 7 4 6 5 1 2 3]	45
1	f3	2151.567268579366	0.11567700000000514	[3 9 7 8 0 4 2 1 5 6]	498
1	f2	1708.0788963491614	0.10860300000001644	[0 5 1 2 3 6 4 7 8 9]	38
1	f1	1421.6868749814091	0.10844000000003007	[6 4 7 8 9 0 3 2 1 5]	223
1	f3	2479.1380765417516	0.11458799999996927	[5 4 1 9 8 7 6 3 0 2]	499
1	f2	1421.686874981409	0.10966999999999416	[8 9 0 3 2 1 5 6 4 7]	150
1	f1	1421.6868749814093	0.1119539999999688	[4 7 8 9 0 3 2 1 5 6]	82
1	f3	2661.867308418153	0.12513500000000022	[3 1 2 7 4 8 6 0 5 9]	499
1	f2	1421.686874981409	0.11989499999998543	[8 9 0 3 2 1 5 6 4 7]	54
1	f1	1421.6868749814091	0.10909600000002229	[2 1 5 6 4 7 8 9 0 3]	407
1	f3	1911.839822006933	0.11476399999997966	[5 2 3 1 0 9 7 8 4 6]	499
1	f2	1421.6868749814091	0.1092909999999847	[2 1 5 6 4 7 8 9 0 3]	49
1	f1	1421.6868749814091	0.1084510000000023	[8 7 4 6 5 1 2 3 0 9]	251
1	f3	2843.9069580421487	0.11454900000001089	[2 5 3 7 4 0 9 1 8 6]	499
1	f2	1421.6868749814091	0.10867899999999509	[3 2 1 5 6 4 7 8 9 0]	200
1	f1	1421.6868749814091	0.10807900000003201	[4 6 5 1 2 3 0 9 8 7]	292
1	f3	2676.884281112557	0.11528199999997923	[7 3 5 9 8 4 2 1 6 0]	499
1	f2	1421.6868749814091	0.10926299999999856	[8 7 4 6 5 1 2 3 0 9]	185
1	f1	1421.6868749814091	0.12019599999996444	[1 2 3 0 9 8 7 4 6 5]	363
1	f3	1821.847462283374	0.12568200000004026	[5 0 3 6 4 7 8 9 2 1]	498
1	f2	1421.6868749814091	0.12198699999999008	[0 3 2 1 5 6 4 7 8 9]	216
1	f1	1421.6868749814091	0.11587800000000925	[8 7 4 6 5 1 2 3 0 9]	95
1	f3	2172.357115966293	0.11521199999998544	[1 5 0 9 3 2 7 6 4 8]	499
1	f2	1421.6868749814091	0.11072400000000471	[0 3 2 1 5 6 4 7 8 9]	34
1	f1	1421.6868749814091	0.11200200000001814	[4 6 5 1 2 3 0 9 8 7]	418
1	f3	2279.91493073555	0.1205789999999638	[3 2 5 4 1 9 8 7 6 0]	497
1	f2	1421.6868749814091	0.11079300000000103	[4 6 5 1 2 3 0 9 8 7]	140
1	f1	1421.6868749814091	0.1098739999999907	[6 5 1 2 3 0 9 8 7 4]	77
1	f3	2410.84947130774	0.1152150000000347	[3 8 7 4 2 6 0 9 1 5]	498
1	f2	1421.6868749814093	0.11198899999999412	[4 7 8 9 0 3 2 1 5 6]	155
1	f1	1421.6868749814091	0.11734700000005205	[3 2 1 5 6 4 7 8 9 0]	487
1	f3	2154.574905666479	0.12547599999999193	[7 3 9 0 6 1 5 2 8 4]	498
1	f2	1421.6868749814091	0.1202570000000378	[1 5 6 4 7 8 9 0 3 2]	188
1	f1	1421.6868749814091	0.12247800000000097	[2 1 5 6 4 7 8 9 0 3]	81
1	f3	2431.4863079908882	0.11433999999997013	[0 2 5 4 7 6 3 1 8 9]	499
1	f2	1421.6868749814091	0.11104000000000269	[5 6 4 7 8 9 0 3 2 1]	79
1	f1	1632.9153184670415	0.11477800000000116	[8 9 2 3 7 4 6 5 1 0]	61
1	f3	2108.0077048093967	0.11720399999995834	[0 7 5 4 6 1 8 9 2 3]	498
1	f2	1421.6868749814091	0.10925199999996948	[3 0 9 8 7 4 6 5 1 2]	217
1	f1	1421.6868749814091	0.1106380000000513	[0 3 2 1 5 6 4 7 8 9]	187
1	f3	2592.483807665432	0.11512099999998782	[5 9 4 2 3 1 8 0 7 6]	499
1	f2	1421.6868749814093	0.10980299999999943	[4 7 8 9 0 3 2 1 5 6]	117
1	f1	1421.6868749814091	0.11008500000002641	[4 6 5 1 2 3 0 9 8 7]	310
1	f3	2390.8991989005117	0.11780999999996311	[8 0 9 2 6 4 7 5 3 1]	499
1	f2	1632.9153184670415	0.11092800000000125	[9 2 3 7 4 6 5 1 0 8]	102
1	f1	1632.9153184670415	0.11062800000001971	[1 0 8 9 2 3 7 4 6 5]	42
1	f3	1910.0601321355696	0.11602300000004107	[9 0 7 8 5 1 6 4 3 2]	498
1	f2	1421.6868749814091	0.10885899999999538	[3 2 1 5 6 4 7 8 9 0]	338
1	f1	1632.9153184670413	0.11033200000002807	[3 7 4 6 5 1 0 8 9 2]	49
1	f3	1968.1414419382897	0.11725899999999001	[3 2 8 0 5 1 6 7 4 9]	499
1	f2	1421.6868749814091	0.11004100000002381	[0 3 2 1 5 6 4 7 8 9]	119
1	f1	1421.6868749814091	0.11607099999997672	[7 8 9 0 3 2 1 5 6 4]	219
1	f3	2117.741069896313	0.11599599999999555	[4 3 2 0 9 8 1 6 5 7]	495
1	f2	1421.6868749814091	0.11117300000000796	[4 6 5 1 2 3 0 9 8 7]	97
1	f1	1421.6868749814091	0.1113149999999905	[3 2 1 5 6 4 7 8 9 0]	138
1	f3	2673.6809713620137	0.11781500000000733	[8 9 5 2 7 3 6 4 1 0]	499
1	f2	1421.6868749814091	0.11037700000002815	[2 1 5 6 4 7 8 9 0 3]	157
1	f1	1421.6868749814091	0.10950800000000527	[6 5 1 2 3 0 9 8 7 4]	183
1	f3	2941.541389790738	0.11656899999996995	[6 9 4 2 7 0 8 1 5 3]	499
1	f2	1421.6868749814091	0.10946999999998752	[8 7 4 6 5 1 2 3 0 9]	173
1	f1	1421.6868749814091	0.11560500000001639	[1 5 6 4 7 8 9 0 3 2]	86
1	f3	2297.427667253173	0.12643800000000738	[8 4 6 5 2 0 9 7 1 3]	499
1	f2	1421.6868749814093	0.12213600000001179	[5 1 2 3 0 9 8 7 4 6]	118
1	f1	1421.6868749814093	0.11000300000000607	[5 1 2 3 0 9 8 7 4 6]	147
1	f3	2115.743590533059	0.11718999999999369	[4 2 3 9 8 7 6 0 5 1]	497
1	f2	1421.6868749814091	0.11018500000000131	[6 5 1 2 3 0 9 8 7 4]	119
1	f1	1708.0788963491614	0.11081799999999475	[0 5 1 2 3 6 4 7 8 9]	240
1	f3	2091.7042889172612	0.11583300000000918	[2 0 1 6 4 7 5 9 8 3]	495
1	f2	1421.6868749814091	0.10834399999998823	[1 5 6 4 7 8 9 0 3 2]	366
1	f1	1421.686874981409	0.10969000000000051	[8 9 0 3 2 1 5 6 4 7]	357
1	f3	2797.5139561767082	0.11421300000000656	[7 1 8 6 3 2 0 5 9 4]	499
1	f2	1421.6868749814091	0.1113430000000335	[0 3 2 1 5 6 4 7 8 9]	69
1	f1	1421.6868749814091	0.11687100000000328	[4 6 5 1 2 3 0 9 8 7]	239
1	f3	2016.8820589102777	0.1165149999999926	[3 0 8 5 6 4 7 9 2 1]	497
1	f2	1421.6868749814091	0.10817500000001701	[9 8 7 4 6 5 1 2 3 0]	47
1	f1	1632.9153184670413	0.1097740000000158	[8 0 1 5 6 4 7 3 2 9]	140
1	f3	1780.7662189405346	0.11637200000001258	[4 0 5 1 2 3 9 8 7 6]	498
1	f2	1421.6868749814091	0.11309699999998202	[4 6 5 1 2 3 0 9 8 7]	64
1	f1	1708.0788963491614	0.11241799999999103	[0 5 1 2 3 6 4 7 8 9]	100
1	f3	2683.091835054835	0.1148019999999974	[2 5 0 9 8 1 4 6 3 7]	499
1	f2	1421.6868749814091	0.10897099999999682	[4 6 5 1 2 3 0 9 8 7]	129
1	f1	1421.6868749814091	0.11243600000000242	[5 6 4 7 8 9 0 3 2 1]	194
1	f3	2618.1725312413187	0.11613499999998567	[7 2 5 0 6 4 1 8 9 3]	499
1	f2	1421.6868749814091	0.1083810000000085	[6 4 7 8 9 0 3 2 1 5]	59
1	f1	1421.6868749814091	0.11007999999998219	[0 9 8 7 4 6 5 1 2 3]	227
1	f3	2154.561435566938	0.1145089999999982	[1 5 2 8 3 6 4 7 9 0]	499
1	f2	1421.686874981409	0.10910800000004883	[7 4 6 5 1 2 3 0 9 8]	243
1	f1	1421.6868749814091	0.10882399999997006	[0 3 2 1 5 6 4 7 8 9]	250
1	f3	2127.632450063741	0.1183809999999994	[3 9 2 5 1 0 7 6 4 8]	498
1	f2	1421.6868749814091	0.10822699999999941	[2 3 0 9 8 7 4 6 5 1]	346
1	f1	1421.6868749814091	0.11328600000001643	[2 3 0 9 8 7 4 6 5 1]	98
1	f3	2443.745983732808	0.12734599999998863	[5 7 6 1 3 9 0 2 8 4]	499
1	f2	1421.6868749814093	0.11223299999994651	[4 7 8 9 0 3 2 1 5 6]	396
1	f1	1421.6868749814091	0.10862099999997099	[0 3 2 1 5 6 4 7 8 9]	135
1	f3	2197.693810100291	0.11561800000004041	[6 1 9 8 7 3 0 2 5 4]	499
1	f2	1421.6868749814091	0.1083690000000388	[2 3 0 9 8 7 4 6 5 1]	46
1	f1	1421.6868749814091	0.10768100000001368	[6 4 7 8 9 0 3 2 1 5]	209
1	f3	2164.8185165618265	0.11462399999999207	[8 9 3 2 7 0 4 5 6 1]	498
1	f2	1421.686874981409	0.10969899999997779	[8 9 0 3 2 1 5 6 4 7]	248
1	f1	1421.6868749814091	0.11115799999998899	[8 7 4 6 5 1 2 3 0 9]	175
1	f3	2943.651224036198	0.11534199999999828	[0 1 7 9 3 8 5 4 2 6]	499
1	f2	1708.0788963491614	0.12008500000001732	[7 4 6 3 2 1 5 0 9 8]	70
1	f1	1632.9153184670413	0.12221699999997782	[2 9 8 0 1 5 6 4 7 3]	109
1	f3	2609.1956249068585	0.12859399999996413	[6 5 0 1 8 4 9 7 2 3]	499
1	f2	1421.6868749814091	0.12200699999999642	[2 3 0 9 8 7 4 6 5 1]	156
1	f1	1421.686874981409	0.11219599999998309	[7 4 6 5 1 2 3 0 9 8]	229
1	f3	2426.8909243461508	0.11618500000002996	[1 5 7 0 2 3 6 8 9 4]	499
1	f2	1421.6868749814091	0.10935599999999113	[2 1 5 6 4 7 8 9 0 3]	214
1	f1	1421.6868749814091	0.10754600000001346	[4 6 5 1 2 3 0 9 8 7]	112
1	f3	2403.8523653252	0.1154769999999985	[2 7 8 9 3 6 1 4 0 5]	499
1	f2	1421.6868749814091	0.11145699999997305	[1 2 3 0 9 8 7 4 6 5]	89
1	f1	1421.686874981409	0.1120119999999929	[8 9 0 3 2 1 5 6 4 7]	114
1	f3	1829.5538179379328	0.11664999999999281	[6 4 3 2 9 0 8 7 1 5]	490
1	f2	1421.6868749814091	0.11221999999997934	[7 8 9 0 3 2 1 5 6 4]	362
1	f1	1421.6868749814091	0.11199900000002572	[3 2 1 5 6 4 7 8 9 0]	171
1	f3	1927.3175003261092	0.11633299999999736	[6 2 5 1 3 9 8 0 7 4]	494
1	f2	1421.6868749814091	0.10853499999996075	[9 8 7 4 6 5 1 2 3 0]	97
1	f1	1421.6868749814091	0.10880599999995866	[2 1 5 6 4 7 8 9 0 3]	103
1	f3	2493.5809250348725	0.11545000000000982	[3 1 4 8 0 9 7 2 5 6]	499
1	f2	1421.6868749814091	0.11135199999995393	[6 4 7 8 9 0 3 2 1 5]	125
1	f1	1708.0788963491611	0.11056899999999814	[1 5 0 9 8 7 4 6 3 2]	172
1	f3	1874.861731933408	0.11450200000001587	[1 2 3 0 9 8 6 4 7 5]	498
1	f2	1421.6868749814091	0.11718199999995704	[0 3 2 1 5 6 4 7 8 9]	133
1	f1	1421.6868749814091	0.12122699999997621	[9 8 7 4 6 5 1 2 3 0]	238
1	f3	1834.1621685620537	0.12538000000006377	[6 5 1 3 2 7 9 8 0 4]	497
1	f2	1421.6868749814093	0.1215469999999641	[5 1 2 3 0 9 8 7 4 6]	66
1	f1	1421.6868749814093	0.1203330000000733	[4 7 8 9 0 3 2 1 5 6]	119
1	f3	2709.58165299975	0.11551299999996445	[1 8 6 4 9 5 2 3 7 0]	498
1	f2	1421.6868749814093	0.11393599999996695	[5 1 2 3 0 9 8 7 4 6]	130
1	f1	1421.6868749814091	0.11272600000006605	[1 5 6 4 7 8 9 0 3 2]	86
1	f3	1833.9660537289105	0.11636699999996836	[9 2 3 7 4 5 1 6 0 8]	494
1	f2	1421.6868749814091	0.10913600000003498	[4 6 5 1 2 3 0 9 8 7]	65
1	f1	1421.686874981409	0.11059999999997672	[7 4 6 5 1 2 3 0 9 8]	193
1	f3	2845.628966512314	0.11527799999998933	[0 9 5 8 1 6 4 3 7 2]	499
1	f2	1421.6868749814091	0.11083999999993921	[3 0 9 8 7 4 6 5 1 2]	286
1	f1	1421.6868749814093	0.1121810000000778	[4 7 8 9 0 3 2 1 5 6]	105
1	f3	2751.9368532358785	0.125821999999971	[4 0 8 5 2 7 1 3 9 6]	499
1	f2	1421.6868749814091	0.11466099999995549	[2 1 5 6 4 7 8 9 0 3]	86
1	f1	1421.6868749814091	0.11008700000002136	[6 5 1 2 3 0 9 8 7 4]	137
1	f3	2922.590394285278	0.11685899999997673	[8 7 1 3 5 9 4 2 6 0]	499
1	f2	1421.6868749814091	0.10914800000000469	[2 1 5 6 4 7 8 9 0 3]	166
1	f1	1421.6868749814091	0.10919899999998961	[2 1 5 6 4 7 8 9 0 3]	165
1	f3	1832.9380436308786	0.1157940000000508	[9 3 8 2 1 5 6 4 7 0]	498
1	f2	1421.6868749814091	0.10905099999990853	[3 0 9 8 7 4 6 5 1 2]	179
1	f1	1421.6868749814091	0.11119700000006105	[6 5 1 2 3 0 9 8 7 4]	174
1	f3	2122.4078200236827	0.11556900000005044	[5 6 3 9 8 0 7 4 1 2]	499
1	f2	1421.6868749814091	0.11492699999996603	[1 5 6 4 7 8 9 0 3 2]	211
1	f1	1632.9153184670413	0.10879000000011274	[2 9 8 0 1 5 6 4 7 3]	161
1	f3	2358.428976468403	0.11770400000000336	[2 6 4 0 1 5 9 3 7 8]	499
1	f2	1421.6868749814091	0.11187399999994341	[5 6 4 7 8 9 0 3 2 1]	186
1	f1	1421.6868749814091	0.11268100000006598	[0 3 2 1 5 6 4 7 8 9]	128
1	f3	2824.29234029556	0.11513899999999921	[3 7 6 9 5 1 0 2 8 4]	499
1	f2	1421.6868749814091	0.11160099999995055	[4 6 5 1 2 3 0 9 8 7]	77
1	f1	1632.9153184670415	0.10885700000005727	[9 8 0 1 5 6 4 7 3 2]	43
1	f3	2147.4772717474725	0.11664600000005976	[5 8 3 2 9 0 1 4 7 6]	499
1	f2	1421.6868749814093	0.11121900000000551	[5 1 2 3 0 9 8 7 4 6]	155
1	f1	1421.6868749814093	0.10888099999999667	[5 1 2 3 0 9 8 7 4 6]	160
1	f3	2495.0379313605013	0.11609600000008413	[4 6 3 0 7 5 1 8 2 9]	499
1	f2	1421.6868749814091	0.11306899999999587	[3 2 1 5 6 4 7 8 9 0]	110
1	f1	1421.6868749814091	0.1125250000000051	[0 9 8 7 4 6 5 1 2 3]	278
1	f3	2476.8876523464673	0.11648499999989781	[7 1 4 9 8 0 5 6 2 3]	499
1	f2	1421.6868749814091	0.11006800000006933	[3 0 9 8 7 4 6 5 1 2]	286
1	f1	1421.6868749814091	0.10919400000000223	[0 9 8 7 4 6 5 1 2 3]	87
1	f3	2457.8552147725227	0.11474699999996574	[2 3 9 7 6 0 1 8 4 5]	499
1	f2	1421.6868749814091	0.12042299999995976	[2 3 0 9 8 7 4 6 5 1]	219
1	f1	1708.0788963491614	0.12268900000003669	[8 7 4 6 3 2 1 5 0 9]	145
1	f3	2656.887078517313	0.12692900000001828	[9 5 1 0 3 6 7 2 4 8]	499
1	f2	1632.9153184670415	0.11299099999996542	[8 9 2 3 7 4 6 5 1 0]	98
1	f1	1421.686874981409	0.11209400000007008	[8 9 0 3 2 1 5 6 4 7]	172
1	f3	2893.4768462468055	0.11547999999993408	[6 5 7 3 4 9 2 0 1 8]	499
1	f2	1421.6868749814091	0.11086499999998978	[1 5 6 4 7 8 9 0 3 2]	302
1	f1	1421.6868749814091	0.10927700000002005	[3 0 9 8 7 4 6 5 1 2]	94
1	f3	1983.988797535041	0.11555999999995947	[9 2 4 7 8 0 1 5 6 3]	498
1	f2	1632.9153184670413	0.11036200000000917	[8 0 1 5 6 4 7 3 2 9]	101
1	f1	1421.6868749814091	0.11204500000008011	[2 3 0 9 8 7 4 6 5 1]	130
1	f3	2002.5382152651616	0.11895699999990939	[3 1 5 9 8 7 0 4 6 2]	494
1	f2	1421.6868749814091	0.11754499999995005	[1 5 6 4 7 8 9 0 3 2]	203
1	f1	1421.6868749814091	0.11139699999989716	[7 8 9 0 3 2 1 5 6 4]	208
1	f3	2650.4015169725417	0.11778299999991759	[0 4 8 3 6 1 7 5 2 9]	499
1	f2	1421.6868749814093	0.11168899999995574	[5 1 2 3 0 9 8 7 4 6]	215
1	f1	1421.686874981409	0.11330400000008467	[9 0 3 2 1 5 6 4 7 8]	208
1	f3	2421.372185875814	0.11635000000001128	[4 3 1 6 5 8 7 9 0 2]	499
1	f2	1632.9153184670415	0.11107600000002549	[0 1 5 6 4 7 3 2 9 8]	64
1	f1	1421.6868749814091	0.108916000000022	[7 8 9 0 3 2 1 5 6 4]	90
1	f3	3210.2868181580534	0.11509000000000924	[9 1 8 0 4 3 7 5 2 6]	499
1	f2	1632.9153184670415	0.11065699999994649	[1 0 8 9 2 3 7 4 6 5]	58
1	f1	1421.686874981409	0.11126100000001315	[7 4 6 5 1 2 3 0 9 8]	248
1	f3	2082.2584985668755	0.11593600000003335	[2 8 9 0 3 4 7 6 1 5]	499
1	f2	1421.686874981409	0.11054500000000189	[9 0 3 2 1 5 6 4 7 8]	43
1	f1	1421.6868749814091	0.10928499999999985	[6 4 7 8 9 0 3 2 1 5]	80
1	f3	2725.5062824698016	0.11688500000002477	[6 0 4 3 8 7 2 1 5 9]	499
1	f2	1421.6868749814091	0.10894200000007004	[2 1 5 6 4 7 8 9 0 3]	492
1	f1	1421.6868749814091	0.10878500000001168	[9 8 7 4 6 5 1 2 3 0]	111
1	f3	2649.1887368343396	0.1163490000000138	[6 7 2 9 5 1 4 3 8 0]	499
1	f2	1632.9153184670413	0.11153200000001107	[3 2 9 8 0 1 5 6 4 7]	59
1	f1	1421.6868749814091	0.11013100000002396	[1 2 3 0 9 8 7 4 6 5]	119
1	f3	2683.288519785087	0.11486300000001393	[6 4 0 7 9 1 3 8 5 2]	499
1	f2	1421.6868749814093	0.11211600000001454	[4 7 8 9 0 3 2 1 5 6]	136
1	f1	1421.6868749814091	0.11365299999999934	[0 9 8 7 4 6 5 1 2 3]	112
1	f3	2354.8545812003567	0.11736499999994976	[6 5 3 1 8 0 7 9 2 4]	499
1	f2	1632.9153184670415	0.11159399999996822	[6 5 1 0 8 9 2 3 7 4]	354
1	f1	1421.6868749814093	0.11140600000010181	[5 1 2 3 0 9 8 7 4 6]	186
1	f3	1597.035889640619	0.11611899999991238	[9 2 3 8 7 4 6 1 5 0]	497
1	f2	1421.6868749814091	0.12072899999998299	[6 5 1 2 3 0 9 8 7 4]	320
1	f1	1421.6868749814091	0.11175399999990532	[3 0 9 8 7 4 6 5 1 2]	122
1	f3	1989.6822546122567	0.11549800000000232	[0 8 3 2 5 1 4 6 7 9]	497
1	f2	1421.686874981409	0.10977700000000823	[7 4 6 5 1 2 3 0 9 8]	158
1	f1	1421.6868749814091	0.10978499999998803	[2 1 5 6 4 7 8 9 0 3]	171
1	f3	2089.7216779062264	0.11546100000009574	[4 6 3 1 5 7 8 9 2 0]	496
1	f2	1421.6868749814091	0.11094900000000507	[2 3 0 9 8 7 4 6 5 1]	113
1	f1	1421.6868749814091	0.11263099999996484	[4 6 5 1 2 3 0 9 8 7]	368
1	f3	2552.99644981735	0.11538299999995161	[7 6 5 3 8 1 2 9 4 0]	499
1	f2	1421.6868749814091	0.114229000000023	[2 1 5 6 4 7 8 9 0 3]	263
1	f1	1421.6868749814091	0.12222399999996014	[1 5 6 4 7 8 9 0 3 2]	200
1	f3	2064.7437897231043	0.12621899999999187	[2 3 5 6 4 9 8 7 1 0]	499
1	f2	1421.6868749814091	0.11663099999998394	[0 3 2 1 5 6 4 7 8 9]	116
1	f1	1421.6868749814091	0.11017500000002656	[1 2 3 0 9 8 7 4 6 5]	71
1	f3	2786.852429112471	0.11640999999997348	[3 7 1 9 8 4 2 0 5 6]	499
1	f2	1421.686874981409	0.1139660000000049	[7 4 6 5 1 2 3 0 9 8]	305
1	f1	1421.6868749814091	0.11351799999999912	[2 3 0 9 8 7 4 6 5 1]	179
1	f3	2879.8397410510643	0.11519099999998161	[9 1 8 3 4 6 2 0 5 7]	499
1	f2	1421.6868749814093	0.10861799999997857	[5 1 2 3 0 9 8 7 4 6]	228
1	f1	1421.6868749814091	0.10871400000007725	[0 9 8 7 4 6 5 1 2 3]	162
1	f3	1701.0268601963924	0.11566599999991922	[0 6 1 5 2 3 9 8 7 4]	498
0.5	f2	1421.6868749814091	0.11944000000005417	[2 1 5 6 4 7 8 9 0 3]	256
0.5	f1	1421.686874981409	0.12128900000004705	[8 9 0 3 2 1 5 6 4 7]	196
0.5	f3	1813.0602593164615	0.1223969999999781	[3 9 8 6 5 1 4 7 0 2]	495
0.5	f2	1421.6868749814091	0.11109699999997247	[2 3 0 9 8 7 4 6 5 1]	108
0.5	f1	1421.6868749814091	0.10871399999996356	[5 6 4 7 8 9 0 3 2 1]	218
0.5	f3	1769.631586267584	0.1124369999999999	[1 5 6 0 8 4 7 9 3 2]	491
0.5	f2	1421.6868749814091	0.11141200000008666	[5 6 4 7 8 9 0 3 2 1]	304
0.5	f1	1421.686874981409	0.1111079999999447	[9 0 3 2 1 5 6 4 7 8]	282
0.5	f3	2629.760225508965	0.11554200000000492	[3 4 6 8 9 2 1 0 5 7]	499
0.5	f2	1421.686874981409	0.11218099999996411	[9 0 3 2 1 5 6 4 7 8]	166
0.5	f1	1421.6868749814091	0.11188199999992321	[2 1 5 6 4 7 8 9 0 3]	118
0.5	f3	2094.7174459685075	0.11647000000004937	[2 8 0 9 3 1 7 4 6 5]	496
0.5	f2	1421.6868749814091	0.11978999999996631	[2 1 5 6 4 7 8 9 0 3]	154
0.5	f1	1421.6868749814091	0.11569299999996474	[0 3 2 1 5 6 4 7 8 9]	172
0.5	f3	2467.7753622140162	0.11331699999993816	[9 5 2 7 8 3 0 1 6 4]	499
0.5	f2	1421.6868749814091	0.1112470000000485	[3 0 9 8 7 4 6 5 1 2]	157
0.5	f1	1421.6868749814091	0.10913600000003498	[2 1 5 6 4 7 8 9 0 3]	119
0.5	f3	1983.4576316380421	0.11214499999994132	[6 4 1 0 3 2 9 7 8 5]	496
0.5	f2	1421.6868749814093	0.10975999999993746	[5 1 2 3 0 9 8 7 4 6]	248
0.5	f1	1421.6868749814093	0.10852599999998347	[4 7 8 9 0 3 2 1 5 6]	174
0.5	f3	2410.616578487593	0.112756000000104	[3 4 7 9 2 5 8 0 6 1]	498
0.5	f2	1421.6868749814091	0.11068699999998444	[6 4 7 8 9 0 3 2 1 5]	130
0.5	f1	1632.9153184670417	0.11516500000004726	[0 8 9 2 3 7 4 6 5 1]	67
0.5	f3	1448.2906288942088	0.12331299999993917	[2 3 9 0 8 7 4 6 5 1]	493
0.5	f2	1421.6868749814091	0.1103930000000446	[3 0 9 8 7 4 6 5 1 2]	89
0.5	f1	1421.6868749814093	0.10882500000002437	[5 1 2 3 0 9 8 7 4 6]	123
0.5	f3	2546.3027020740305	0.11132599999996273	[3 5 4 6 2 7 0 9 8 1]	499
0.5	f2	1421.6868749814091	0.1114709999999377	[9 8 7 4 6 5 1 2 3 0]	107
0.5	f1	1421.6868749814091	0.11030399999992824	[4 6 5 1 2 3 0 9 8 7]	54
0.5	f3	2188.4026981287875	0.11334599999997863	[2 7 8 9 3 4 5 1 6 0]	497
0.5	f2	1421.6868749814091	0.10993400000006659	[4 6 5 1 2 3 0 9 8 7]	249
0.5	f1	1632.9153184670415	0.11214700000004996	[5 6 4 7 3 2 9 8 0 1]	65
0.5	f3	1870.0351161074764	0.11300699999992503	[9 2 3 6 4 7 5 1 0 8]	496
0.5	f2	1632.9153184670415	0.12080900000000838	[0 1 5 6 4 7 3 2 9 8]	49
0.5	f1	1421.6868749814091	0.1212390000000596	[4 6 5 1 2 3 0 9 8 7]	442
0.5	f3	1912.1972527728171	0.12394400000005135	[9 7 3 2 5 1 6 4 8 0]	499
0.5	f2	1421.6868749814091	0.11986500000000433	[7 8 9 0 3 2 1 5 6 4]	218
0.5	f1	1421.686874981409	0.11985199999992346	[9 0 3 2 1 5 6 4 7 8]	145
0.5	f3	2460.020092964205	0.12557600000002367	[1 3 2 8 4 9 0 5 7 6]	499
0.5	f2	1632.9153184670413	0.11996699999997418	[8 0 1 5 6 4 7 3 2 9]	170
0.5	f1	1421.6868749814091	0.12414599999999609	[9 8 7 4 6 5 1 2 3 0]	324
0.5	f3	1893.6350199532444	0.12673900000004323	[5 1 2 3 8 9 0 7 6 4]	499
0.5	f2	1421.6868749814091	0.12028299999997216	[2 1 5 6 4 7 8 9 0 3]	102
0.5	f1	1421.6868749814091	0.12081999999998061	[7 8 9 0 3 2 1 5 6 4]	180
0.5	f3	1570.2239266221357	0.12387599999999566	[9 8 7 4 6 5 1 3 0 2]	498
0.5	f2	1421.6868749814091	0.12230799999997544	[4 6 5 1 2 3 0 9 8 7]	163
0.5	f1	1632.9153184670415	0.12059599999997772	[5 1 0 8 9 2 3 7 4 6]	347
0.5	f3	2589.21668732796	0.12466399999993882	[4 7 9 3 6 1 0 5 8 2]	499
0.5	f2	1421.686874981409	0.11217699999997421	[9 0 3 2 1 5 6 4 7 8]	140
0.5	f1	1421.6868749814091	0.1115029999999706	[0 3 2 1 5 6 4 7 8 9]	240
0.5	f3	2444.7831443605523	0.11326000000008207	[4 8 6 3 9 7 0 2 5 1]	498
0.5	f2	1421.6868749814091	0.1134190000000217	[3 2 1 5 6 4 7 8 9 0]	156
0.5	f1	1421.6868749814091	0.11347399999999652	[6 5 1 2 3 0 9 8 7 4]	78
0.5	f3	2005.3151265569481	0.11514600000009523	[2 7 4 8 0 6 5 1 9 3]	496
0.5	f2	1421.6868749814091	0.11038700000005974	[0 9 8 7 4 6 5 1 2 3]	98
0.5	f1	1421.6868749814091	0.10847100000000864	[6 4 7 8 9 0 3 2 1 5]	97
0.5	f3	2735.8762995331076	0.11436600000001818	[7 4 1 2 8 6 9 0 5 3]	499
0.5	f2	1421.6868749814091	0.1214629999999488	[2 3 0 9 8 7 4 6 5 1]	89
0.5	f1	1421.686874981409	0.11232000000006792	[7 4 6 5 1 2 3 0 9 8]	230
0.5	f3	2712.696769653022	0.11275899999998273	[9 3 1 6 8 0 7 5 2 4]	499
0.5	f2	1421.6868749814091	0.10885399999995116	[1 5 6 4 7 8 9 0 3 2]	200
0.5	f1	1421.6868749814091	0.11028999999996358	[7 8 9 0 3 2 1 5 6 4]	143
0.5	f3	2004.2008395837322	0.11281800000006115	[7 6 5 1 2 3 4 9 0 8]	491
0.5	f2	1421.686874981409	0.10953900000004069	[9 0 3 2 1 5 6 4 7 8]	244
0.5	f1	1421.6868749814091	0.10996000000000095	[1 2 3 0 9 8 7 4 6 5]	92
0.5	f3	1701.8673698028826	0.11153999999999087	[6 1 2 3 9 8 7 4 0 5]	496
0.5	f2	1421.6868749814091	0.11104699999998502	[0 9 8 7 4 6 5 1 2 3]	119
0.5	f1	1421.6868749814091	0.11982000000000426	[7 8 9 0 3 2 1 5 6 4]	22
0.5	f3	2496.300372976361	0.12317099999995662	[6 8 9 7 4 0 1 3 5 2]	497
0.5	f2	1708.0788963491614	0.11273300000004838	[9 0 5 1 2 3 6 4 7 8]	155
0.5	f1	1632.9153184670415	0.11234200000001238	[1 0 8 9 2 3 7 4 6 5]	66
0.5	f3	2559.212341572796	0.11343399999998383	[6 8 1 3 0 7 4 2 9 5]	499
0.5	f2	1708.0788963491614	0.11045800000010786	[7 4 6 3 2 1 5 0 9 8]	109
0.5	f1	1708.0788963491611	0.11214499999994132	[2 3 6 4 7 8 9 0 5 1]	92
0.5	f3	2676.136112504421	0.11320200000000114	[2 0 3 8 5 1 7 4 9 6]	499
0.5	f2	1421.6868749814091	0.11241399999994428	[2 1 5 6 4 7 8 9 0 3]	155
0.5	f1	1421.6868749814091	0.11283300000002328	[4 6 5 1 2 3 0 9 8 7]	153
0.5	f3	1448.2906288942086	0.1132350000000315	[7 4 6 5 1 2 3 9 0 8]	498
0.5	f2	1421.6868749814093	0.11914500000000317	[5 1 2 3 0 9 8 7 4 6]	55
0.5	f1	1421.6868749814091	0.12181599999996706	[7 8 9 0 3 2 1 5 6 4]	107
0.5	f3	1504.928677774034	0.12443400000006477	[9 3 2 1 5 6 4 7 0 8]	489
0.5	f2	1421.686874981409	0.11266899999998259	[9 0 3 2 1 5 6 4 7 8]	105
0.5	f1	1421.6868749814093	0.11134500000002845	[4 7 8 9 0 3 2 1 5 6]	185
0.5	f3	2412.452260675491	0.1124730000000227	[0 7 5 3 2 9 6 1 4 8]	499
0.5	f2	1421.6868749814091	0.11212999999997919	[5 6 4 7 8 9 0 3 2 1]	84
0.5	f1	1421.6868749814091	0.11200300000007246	[3 2 1 5 6 4 7 8 9 0]	95
0.5	f3	2201.289376464285	0.11329799999998613	[2 3 9 8 5 0 7 6 4 1]	495
0.5	f2	1421.6868749814091	0.11036999999998898	[8 7 4 6 5 1 2 3 0 9]	99
0.5	f1	1421.6868749814091	0.1102650000000267	[8 7 4 6 5 1 2 3 0 9]	103
0.5	f3	1752.004745739862	0.11193900000000667	[7 8 9 6 5 1 2 3 0 4]	495
0.5	f2	1421.686874981409	0.11779400000000351	[8 9 0 3 2 1 5 6 4 7]	317
0.5	f1	1421.6868749814091	0.11132899999995516	[2 1 5 6 4 7 8 9 0 3]	128
0.5	f3	2282.1030412448	0.11394800000005034	[8 0 3 4 6 5 9 2 1 7]	498
0.5	f2	1421.6868749814091	0.11133000000006632	[6 4 7 8 9 0 3 2 1 5]	206
0.5	f1	1421.6868749814091	0.11226299999998446	[0 9 8 7 4 6 5 1 2 3]	164
0.5	f3	2284.0159167552547	0.11467100000004393	[6 7 1 3 2 0 9 8 5 4]	498
0.5	f2	1421.6868749814093	0.11113299999999526	[5 1 2 3 0 9 8 7 4 6]	320
0.5	f1	1421.6868749814093	0.11189699999999903	[5 1 2 3 0 9 8 7 4 6]	160
0.5	f3	2505.472729445928	0.11352999999996882	[9 2 8 7 3 0 5 4 1 6]	499
0.5	f2	1421.6868749814091	0.11484499999994568	[0 3 2 1 5 6 4 7 8 9]	65
0.5	f1	1421.6868749814091	0.12237600000003113	[6 4 7 8 9 0 3 2 1 5]	147
0.5	f3	1917.4043194390647	0.12149699999997665	[0 5 1 6 8 4 7 9 2 3]	491
0.5	f2	1421.6868749814091	0.11102400000004309	[6 4 7 8 9 0 3 2 1 5]	148
0.5	f1	1632.9153184670413	0.11004400000001624	[3 7 4 6 5 1 0 8 9 2]	85
0.5	f3	2500.639172293784	0.11361799999997402	[2 7 3 9 1 4 6 5 0 8]	499
0.5	f2	1421.6868749814091	0.1105329999999185	[1 5 6 4 7 8 9 0 3 2]	87
0.5	f1	1421.6868749814093	0.10906099999999697	[5 1 2 3 0 9 8 7 4 6]	226
0.5	f3	1921.4478898161917	0.11273599999992712	[6 4 0 7 3 2 9 8 1 5]	491
0.5	f2	1421.6868749814091	0.11097400000005564	[3 2 1 5 6 4 7 8 9 0]	32
0.5	f1	1421.686874981409	0.11001699999997072	[9 0 3 2 1 5 6 4 7 8]	273
0.5	f3	2192.3193712284583	0.11577099999999518	[5 1 8 3 6 4 7 9 0 2]	499
0.5	f2	1421.6868749814091	0.12339399999996203	[7 8 9 0 3 2 1 5 6 4]	108
0.5	f1	1421.6868749814091	0.1219620000000532	[9 8 7 4 6 5 1 2 3 0]	279
0.5	f3	1630.5916254790798	0.12474999999994907	[4 7 9 0 8 3 2 1 5 6]	495
0.5	f2	1421.686874981409	0.11256600000001526	[7 4 6 5 1 2 3 0 9 8]	147
0.5	f1	1421.6868749814091	0.11530400000003738	[0 9 8 7 4 6 5 1 2 3]	116
0.5	f3	2521.2551850058853	0.1193510000000515	[7 2 5 1 3 8 6 9 0 4]	499
0.5	f2	1421.6868749814091	0.11419899999998506	[6 4 7 8 9 0 3 2 1 5]	226
0.5	f1	1421.6868749814091	0.11044000000003962	[6 4 7 8 9 0 3 2 1 5]	406
0.5	f3	1862.3358215805117	0.11406899999997222	[8 7 9 0 1 5 6 4 3 2]	499
0.5	f2	1421.686874981409	0.1113270000000739	[7 4 6 5 1 2 3 0 9 8]	52
0.5	f1	1421.6868749814091	0.11101499999995212	[6 4 7 8 9 0 3 2 1 5]	233
0.5	f3	2484.5698355804466	0.11611400000003869	[2 0 5 8 4 6 7 1 9 3]	499
0.5	f2	1421.686874981409	0.12266699999997854	[9 0 3 2 1 5 6 4 7 8]	81
0.5	f1	1421.6868749814091	0.1230520000000297	[9 8 7 4 6 5 1 2 3 0]	215
0.5	f3	2038.396767107614	0.11367799999993622	[4 0 5 1 2 3 6 9 8 7]	494
0.5	f2	1421.6868749814091	0.11192499999992833	[6 4 7 8 9 0 3 2 1 5]	57
0.5	f1	1421.686874981409	0.10944600000004812	[7 4 6 5 1 2 3 0 9 8]	129
0.5	f3	2572.797340396123	0.11323300000003655	[7 1 3 2 5 4 8 0 6 9]	498
0.5	f2	1421.686874981409	0.10878100000002178	[7 4 6 5 1 2 3 0 9 8]	126
0.5	f1	1421.686874981409	0.10964999999998781	[7 4 6 5 1 2 3 0 9 8]	117
0.5	f3	1570.2239266221359	0.11392399999999725	[4 7 8 9 2 0 3 1 5 6]	482
0.5	f2	1421.6868749814091	0.11287900000002082	[2 1 5 6 4 7 8 9 0 3]	184
0.5	f1	1421.6868749814093	0.11470099999996819	[4 7 8 9 0 3 2 1 5 6]	45
0.5	f3	2157.4296990365733	0.12262400000008711	[2 8 9 4 6 7 1 5 0 3]	499
0.5	f2	1421.6868749814091	0.11664600000005976	[0 3 2 1 5 6 4 7 8 9]	245
0.5	f1	1421.6868749814091	0.10877399999992576	[3 0 9 8 7 4 6 5 1 2]	127
0.5	f3	2051.0171320262693	0.11202100000002702	[5 2 3 0 7 9 8 1 4 6]	499
0.5	f2	1421.6868749814091	0.11083799999994426	[7 8 9 0 3 2 1 5 6 4]	86
0.5	f1	1421.6868749814091	0.11014600000009978	[6 5 1 2 3 0 9 8 7 4]	182
0.5	f3	2066.003695857463	0.11378300000001218	[7 8 0 5 1 4 6 9 2 3]	499
0.5	f2	1421.6868749814093	0.11028199999998378	[5 1 2 3 0 9 8 7 4 6]	193
0.5	f1	1421.6868749814091	0.11178399999994326	[3 0 9 8 7 4 6 5 1 2]	102
0.5	f3	1960.9094962375325	0.12398800000005394	[8 3 2 1 5 6 9 7 4 0]	498
0.5	f2	1421.6868749814091	0.11336599999992814	[1 5 6 4 7 8 9 0 3 2]	106
0.5	f1	1421.6868749814091	0.11204299999997147	[6 5 1 2 3 0 9 8 7 4]	75
0.5	f3	1917.666317699916	0.11663599999997132	[6 0 9 8 7 4 1 5 2 3]	481
0.5	f2	1421.686874981409	0.11077099999999973	[9 0 3 2 1 5 6 4 7 8]	197
0.5	f1	1421.6868749814091	0.11037899999996625	[0 3 2 1 5 6 4 7 8 9]	99
0.5	f3	1596.8276805349353	0.1168240000000651	[4 7 8 0 2 9 3 1 5 6]	498
0.5	f2	1421.6868749814091	0.11175300000002153	[1 2 3 0 9 8 7 4 6 5]	165
0.5	f1	1632.9153184670415	0.1117260000000897	[9 2 3 7 4 6 5 1 0 8]	136
0.5	f3	1962.6931240264605	0.11707400000000234	[1 6 5 3 2 4 7 9 8 0]	499
0.5	f2	1421.6868749814091	0.11529099999995651	[3 2 1 5 6 4 7 8 9 0]	350
0.5	f1	1421.6868749814091	0.11254399999995712	[1 5 6 4 7 8 9 0 3 2]	126
0.5	f3	2458.0112836963262	0.11423899999999776	[2 3 9 6 5 8 1 7 4 0]	499
0.5	f2	1421.6868749814091	0.11051200000008521	[3 0 9 8 7 4 6 5 1 2]	231
0.5	f1	1421.6868749814091	0.11019999999996344	[4 6 5 1 2 3 0 9 8 7]	372
0.5	f3	2005.3880749002094	0.11248699999998735	[8 3 0 7 4 6 1 5 9 2]	498
0.5	f2	1421.6868749814093	0.11029299999995601	[4 7 8 9 0 3 2 1 5 6]	41
0.5	f1	1421.686874981409	0.10809400000005098	[9 0 3 2 1 5 6 4 7 8]	85
0.5	f3	1505.0953760877223	0.11443599999995513	[5 1 6 4 7 8 9 3 2 0]	489
0.5	f2	1421.686874981409	0.11151299999994535	[9 0 3 2 1 5 6 4 7 8]	122
0.5	f1	1421.6868749814091	0.11223800000004758	[4 6 5 1 2 3 0 9 8 7]	318
0.5	f3	1697.9023992311575	0.1127920000000131	[7 6 5 1 2 3 0 9 8 4]	491
0.5	f2	1421.6868749814091	0.11170800000002146	[8 7 4 6 5 1 2 3 0 9]	125
0.5	f1	1632.9153184670417	0.10998400000005404	[0 8 9 2 3 7 4 6 5 1]	132
0.5	f3	1890.5935733200413	0.11436400000002322	[6 1 9 0 3 2 8 7 4 5]	490
0.5	f2	1421.6868749814091	0.1115149999999403	[2 1 5 6 4 7 8 9 0 3]	130
0.5	f1	1632.9153184670415	0.11004499999990003	[2 3 7 4 6 5 1 0 8 9]	117
0.5	f3	2282.372786499797	0.1144170000000031	[0 2 9 4 7 3 1 6 5 8]	499
0.5	f2	1421.6868749814091	0.11756900000000314	[8 7 4 6 5 1 2 3 0 9]	70
0.5	f1	1421.686874981409	0.1219740000000229	[9 0 3 2 1 5 6 4 7 8]	192
0.5	f3	2422.137281521532	0.11925800000005893	[8 5 1 7 6 0 3 2 9 4]	496
0.5	f2	1421.6868749814091	0.11057700000003479	[8 7 4 6 5 1 2 3 0 9]	373
0.5	f1	1421.686874981409	0.10913600000003498	[8 9 0 3 2 1 5 6 4 7]	255
0.5	f3	2177.248249479716	0.11306100000001607	[1 3 0 7 4 6 8 2 9 5]	499
0.5	f2	1708.0788963491611	0.10984700000005887	[9 8 7 4 6 3 2 1 5 0]	50
0.5	f1	1421.6868749814091	0.10833500000001095	[3 0 9 8 7 4 6 5 1 2]	134
0.5	f3	2047.6130045002903	0.11269099999992704	[6 2 9 8 7 4 1 3 0 5]	497
0.5	f2	1421.6868749814091	0.10866999999996096	[7 8 9 0 3 2 1 5 6 4]	102
0.5	f1	1421.6868749814091	0.10888599999998405	[1 2 3 0 9 8 7 4 6 5]	338
0.5	f3	1436.8404634656004	0.11782500000003893	[5 6 4 7 8 9 2 3 0 1]	485
0.5	f2	1421.6868749814091	0.12002899999993133	[6 4 7 8 9 0 3 2 1 5]	217
0.5	f1	1421.6868749814091	0.11091600000008839	[0 9 8 7 4 6 5 1 2 3]	107
0.5	f3	1590.8007134726033	0.11522700000000441	[6 5 1 2 3 8 9 0 7 4]	477
0.5	f2	1421.6868749814091	0.11234999999999218	[9 8 7 4 6 5 1 2 3 0]	241
0.5	f1	1421.6868749814091	0.11106200000006083	[6 4 7 8 9 0 3 2 1 5]	121
0.5	f3	2307.1701212048824	0.11247400000002017	[5 4 1 6 2 3 0 7 9 8]	496
0.5	f2	1421.686874981409	0.11032699999998385	[8 9 0 3 2 1 5 6 4 7]	164
0.5	f1	1421.6868749814091	0.10885100000007242	[1 2 3 0 9 8 7 4 6 5]	269
0.5	f3	1813.5562887510262	0.11458900000002359	[7 0 5 6 4 1 2 3 9 8]	495
0.5	f2	1421.6868749814093	0.11674699999991844	[4 7 8 9 0 3 2 1 5 6]	197
0.5	f1	1421.686874981409	0.11957400000005691	[7 4 6 5 1 2 3 0 9 8]	138
0.5	f3	1795.234534829592	0.11620300000004136	[3 2 9 0 7 4 6 1 5 8]	498
0.5	f2	1421.6868749814091	0.11316399999998339	[2 1 5 6 4 7 8 9 0 3]	90
0.5	f1	1708.0788963491611	0.10974800000008145	[9 8 7 4 6 3 2 1 5 0]	21
0.5	f3	1574.692526812314	0.11629299999992782	[9 3 2 5 1 6 4 7 0 8]	497
0.5	f2	1421.6868749814091	0.11294400000008409	[8 7 4 6 5 1 2 3 0 9]	149
0.5	f1	1421.6868749814091	0.1123890000000074	[2 1 5 6 4 7 8 9 0 3]	115
0.5	f3	2107.128928000311	0.11472300000002633	[3 8 9 4 7 6 5 0 1 2]	498
0.5	f2	1421.686874981409	0.11128399999995509	[9 0 3 2 1 5 6 4 7 8]	153
0.5	f1	1421.686874981409	0.11413600000003044	[7 4 6 5 1 2 3 0 9 8]	324
0.5	f3	1904.0779066876348	0.12328200000001743	[7 0 8 9 3 2 4 6 5 1]	499
0.5	f2	1421.6868749814091	0.12335300000006555	[6 5 1 2 3 0 9 8 7 4]	125
0.5	f1	1421.6868749814093	0.12004500000000462	[5 1 2 3 0 9 8 7 4 6]	145
0.5	f3	1877.1171172325253	0.12136599999996633	[8 7 5 6 4 1 2 3 0 9]	494
0.5	f2	1421.6868749814091	0.11352599999997892	[2 1 5 6 4 7 8 9 0 3]	270
0.5	f1	1421.6868749814091	0.10995500000001357	[0 3 2 1 5 6 4 7 8 9]	57
0.5	f3	2184.477753200639	0.11726299999997991	[4 6 8 7 2 9 3 1 5 0]	499
0.5	f2	1421.6868749814091	0.11807999999996355	[6 5 1 2 3 0 9 8 7 4]	122
0.5	f1	1421.6868749814093	0.11817400000006728	[4 7 8 9 0 3 2 1 5 6]	51
0.5	f3	2465.750819312754	0.1162570000000187	[7 0 2 8 3 9 5 4 6 1]	499
0.5	f2	1421.6868749814091	0.11465699999996559	[2 1 5 6 4 7 8 9 0 3]	327
0.5	f1	1421.6868749814093	0.11433499999998276	[4 7 8 9 0 3 2 1 5 6]	192
0.5	f3	3121.1193709088607	0.12167099999999209	[3 7 2 5 9 6 0 4 8 1]	499
0.5	f2	1708.0788963491614	0.12161500000001979	[0 5 1 2 3 6 4 7 8 9]	167
0.5	f1	1421.6868749814091	0.12192500000003292	[5 6 4 7 8 9 0 3 2 1]	246
0.5	f3	2119.4965931331294	0.1262649999999894	[7 8 9 3 0 4 5 1 6 2]	498
0.5	f2	1421.6868749814091	0.12131499999998141	[3 0 9 8 7 4 6 5 1 2]	305
0.5	f1	1632.9153184670413	0.11269600000002811	[8 0 1 5 6 4 7 3 2 9]	75
0.5	f3	2641.622441132612	0.11249199999997472	[6 4 2 7 0 5 1 8 3 9]	499
0.5	f2	1632.9153184670415	0.1090959999999086	[2 3 7 4 6 5 1 0 8 9]	39
0.5	f1	1421.6868749814091	0.11187200000006214	[1 5 6 4 7 8 9 0 3 2]	145
0.5	f3	2777.2478416495906	0.11300600000004124	[7 0 4 3 8 6 2 9 1 5]	499
0.5	f2	1421.6868749814091	0.10944099999994705	[1 2 3 0 9 8 7 4 6 5]	111
0.5	f1	1421.6868749814091	0.11141300000008414	[0 9 8 7 4 6 5 1 2 3]	203
0.5	f3	1844.0060855284316	0.11467900000002373	[3 7 4 6 5 1 2 9 0 8]	494
0.5	f2	1421.6868749814093	0.10980900000004112	[4 7 8 9 0 3 2 1 5 6]	123
0.5	f1	1421.686874981409	0.11752999999998792	[8 9 0 3 2 1 5 6 4 7]	82
0.5	f3	2256.842134859183	0.11599999999998545	[0 5 1 3 9 2 6 8 4 7]	496
0.5	f2	1421.6868749814091	0.10959700000000794	[2 3 0 9 8 7 4 6 5 1]	190
0.5	f1	1632.9153184670415	0.10931700000003275	[1 0 8 9 2 3 7 4 6 5]	100
0.5	f3	2512.6859560889525	0.11444399999993493	[0 7 5 9 8 1 3 2 6 4]	499
0.5	f2	1421.6868749814091	0.10996399999999085	[5 6 4 7 8 9 0 3 2 1]	330
0.5	f1	1421.6868749814093	0.11048599999992348	[5 1 2 3 0 9 8 7 4 6]	367
0.5	f3	1647.9312305269907	0.11359200000003966	[4 6 5 1 2 9 0 3 8 7]	484
0.5	f2	1421.6868749814091	0.1132350000000315	[7 8 9 0 3 2 1 5 6 4]	138
0.5	f1	1421.6868749814091	0.11264600000004066	[3 0 9 8 7 4 6 5 1 2]	172
0.5	f3	2464.2967235965057	0.12981999999999516	[4 0 3 2 9 5 6 7 1 8]	499
0.5	f2	1421.6868749814093	0.11207300000000942	[5 1 2 3 0 9 8 7 4 6]	123
0.5	f1	1632.9153184670415	0.11465800000007675	[1 0 8 9 2 3 7 4 6 5]	30
0.5	f3	2626.621834362734	0.11619199999995544	[3 1 2 5 7 9 8 4 0 6]	499
0.5	f2	1421.6868749814091	0.11169899999993049	[2 1 5 6 4 7 8 9 0 3]	96
0.5	f1	1421.6868749814091	0.10972400000002835	[2 1 5 6 4 7 8 9 0 3]	194
0.5	f3	2265.1159605195853	0.11165900000003148	[6 5 4 0 3 1 7 8 9 2]	496
0.5	f2	1421.686874981409	0.10956400000009126	[9 0 3 2 1 5 6 4 7 8]	69
0.5	f1	1708.0788963491614	0.10881299999994098	[2 1 5 0 9 8 7 4 6 3]	63
0.5	f3	1421.6868749814091	0.11396000000002005	[4 6 5 1 2 3 0 9 8 7]	454
0.5	f2	1421.686874981409	0.12330800000006548	[7 4 6 5 1 2 3 0 9 8]	194
0.5	f1	1421.6868749814091	0.11096099999997477	[6 5 1 2 3 0 9 8 7 4]	194
0.5	f3	1844.2594564834505	0.11350100000004204	[5 1 2 3 6 4 7 8 0 9]	496
0.5	f2	1421.6868749814091	0.1119579999999587	[9 8 7 4 6 5 1 2 3 0]	101
0.5	f1	1421.6868749814091	0.10848299999997835	[4 6 5 1 2 3 0 9 8 7]	162
0.5	f3	1591.2317764162485	0.11277199999994991	[6 4 0 7 8 9 3 2 1 5]	481
0.5	f2	1421.6868749814091	0.11013100000002396	[8 7 4 6 5 1 2 3 0 9]	299
0.5	f1	1421.6868749814091	0.11157000000002881	[7 8 9 0 3 2 1 5 6 4]	156
0.5	f3	2263.6447238963424	0.11283699999989949	[2 0 6 1 7 4 5 9 8 3]	495
0.5	f2	1421.686874981409	0.11185899999998128	[7 4 6 5 1 2 3 0 9 8]	47
0.5	f1	1421.6868749814091	0.11830400000008012	[1 2 3 0 9 8 7 4 6 5]	63
0.5	f3	2213.9859909566344	0.11667599999998401	[0 6 8 9 2 3 4 7 5 1]	498
0.5	f2	1421.6868749814091	0.11105700000007346	[5 6 4 7 8 9 0 3 2 1]	213
0.5	f1	1421.686874981409	0.11218099999996411	[7 4 6 5 1 2 3 0 9 8]	21
0.5	f3	2527.8540002398377	0.11507500000004711	[9 2 0 5 8 1 7 4 6 3]	499
0.5	f2	1421.6868749814091	0.10880700000006982	[2 3 0 9 8 7 4 6 5 1]	190
0.5	f1	1421.6868749814091	0.10824999999999818	[3 2 1 5 6 4 7 8 9 0]	138
0.5	f3	1711.0988668268294	0.11456199999997807	[0 4 7 8 9 2 3 5 1 6]	498
0.5	f2	1421.686874981409	0.1100299999999379	[8 9 0 3 2 1 5 6 4 7]	57
0.5	f1	1421.6868749814091	0.11527899999998681	[4 6 5 1 2 3 0 9 8 7]	48
0.5	f3	2438.071249065738	0.12582000000008975	[3 8 0 1 9 4 6 5 7 2]	499
0.5	f2	1421.6868749814091	0.12173299999994924	[9 8 7 4 6 5 1 2 3 0]	96
0.5	f1	1421.6868749814091	0.12223800000003848	[3 0 9 8 7 4 6 5 1 2]	161
0.5	f3	2161.977702843127	0.11952199999996083	[2 1 0 8 9 3 4 7 6 5]	495
0.5	f2	1708.0788963491611	0.10941299999990406	[1 2 3 6 4 7 8 9 0 5]	97
0.5	f1	1421.6868749814091	0.11286699999993743	[4 6 5 1 2 3 0 9 8 7]	101
0.5	f3	1448.2906288942086	0.12100800000007439	[3 2 1 5 6 4 7 8 0 9]	493
0.5	f2	1421.6868749814091	0.12075099999992744	[9 8 7 4 6 5 1 2 3 0]	199
0.5	f1	1708.0788963491611	0.11947600000007697	[5 0 9 8 7 4 6 3 2 1]	115
0.5	f3	3068.3409202912535	0.11945700000001125	[3 5 7 1 4 9 6 8 2 0]	499
0.5	f2	1421.686874981409	0.1093829999999798	[8 9 0 3 2 1 5 6 4 7]	313
0.5	f1	1421.686874981409	0.11225899999999456	[7 4 6 5 1 2 3 0 9 8]	96
0.5	f3	2370.8850911340933	0.12255599999991773	[1 9 5 6 4 8 2 3 0 7]	497
0.5	f2	1421.6868749814091	0.12121600000000399	[3 2 1 5 6 4 7 8 9 0]	63
0.5	f1	1421.686874981409	0.1240699999999606	[7 4 6 5 1 2 3 0 9 8]	104
0.5	f3	1504.928677774034	0.11198800000011033	[5 1 2 3 9 8 0 7 4 6]	498
0.5	f2	1421.6868749814091	0.10917699999993147	[3 0 9 8 7 4 6 5 1 2]	70
0.5	f1	1421.6868749814091	0.10857100000009723	[9 8 7 4 6 5 1 2 3 0]	192
0.5	f3	1989.3969045282333	0.11381399999993391	[5 1 4 6 7 2 3 9 8 0]	499
0.5	f2	1708.0788963491611	0.10895300000004227	[2 3 6 4 7 8 9 0 5 1]	93
0.5	f1	1421.6868749814091	0.10962900000004083	[2 1 5 6 4 7 8 9 0 3]	310
0.5	f3	2042.0822413572525	0.11243899999999485	[0 3 9 8 7 6 1 5 4 2]	498
0.5	f2	1421.686874981409	0.10994100000004892	[9 0 3 2 1 5 6 4 7 8]	98
0.5	f1	1421.6868749814091	0.10891400000002704	[1 2 3 0 9 8 7 4 6 5]	327
0.5	f3	1752.7363987571346	0.12422099999992042	[3 2 1 5 9 8 7 4 6 0]	486
0.5	f2	1421.6868749814091	0.12274000000002161	[3 2 1 5 6 4 7 8 9 0]	293
0.5	f1	1421.6868749814091	0.11825499999997646	[8 7 4 6 5 1 2 3 0 9]	206
0.5	f3	1929.533702830869	0.11451399999998557	[6 4 7 9 3 8 2 0 5 1]	497
0.5	f2	1708.0788963491611	0.11269399999991947	[6 4 7 8 9 0 5 1 2 3]	37
0.5	f1	1421.6868749814091	0.11553300000002764	[7 8 9 0 3 2 1 5 6 4]	195
0.5	f3	1993.0145832630587	0.11798699999997098	[7 8 9 0 4 6 2 3 5 1]	499
0	f2	1421.6868749814091	0.11307399999998324	[3 2 1 5 6 4 7 8 9 0]	175
0	f1	1421.6868749814091	0.11305499999991753	[9 8 7 4 6 5 1 2 3 0]	97
0	f3	1421.6868749814091	0.10970199999997021	[1 2 3 0 9 8 7 4 6 5]	158
0	f2	1421.6868749814091	0.10901100000000952	[2 1 5 6 4 7 8 9 0 3]	65
0	f1	1421.6868749814091	0.11144899999999325	[2 1 5 6 4 7 8 9 0 3]	73
0	f3	1421.6868749814091	0.10984800000005635	[3 0 9 8 7 4 6 5 1 2]	99
0	f2	1421.6868749814091	0.10928499999999985	[9 8 7 4 6 5 1 2 3 0]	299
0	f1	1421.6868749814093	0.11085000000002765	[4 7 8 9 0 3 2 1 5 6]	109
0	f3	1421.6868749814091	0.11015399999996589	[7 8 9 0 3 2 1 5 6 4]	59
0	f2	1421.686874981409	0.10947399999997742	[8 9 0 3 2 1 5 6 4 7]	195
0	f1	1421.6868749814091	0.10999600000002374	[3 2 1 5 6 4 7 8 9 0]	233
0	f3	1421.6868749814093	0.11024299999996856	[5 1 2 3 0 9 8 7 4 6]	138
0	f2	1421.6868749814091	0.11018799999999374	[1 5 6 4 7 8 9 0 3 2]	290
0	f1	1421.6868749814091	0.11607900000001337	[0 3 2 1 5 6 4 7 8 9]	263
0	f3	1421.6868749814091	0.1130519999999251	[3 2 1 5 6 4 7 8 9 0]	274
0	f2	1421.6868749814091	0.11202800000000934	[6 4 7 8 9 0 3 2 1 5]	93
0	f1	1421.686874981409	0.11094700000001012	[8 9 0 3 2 1 5 6 4 7]	72
0	f3	1421.6868749814091	0.11095400000010613	[8 7 4 6 5 1 2 3 0 9]	169
0	f2	1708.0788963491611	0.10978099999999813	[1 5 0 9 8 7 4 6 3 2]	71
0	f1	1421.6868749814091	0.11023900000009235	[7 8 9 0 3 2 1 5 6 4]	123
0	f3	1708.0788963491614	0.11162000000001626	[7 8 9 0 5 1 2 3 6 4]	103
0	f2	1421.6868749814091	0.11132199999997283	[0 3 2 1 5 6 4 7 8 9]	83
0	f1	1421.6868749814091	0.11223099999995156	[2 3 0 9 8 7 4 6 5 1]	376
0	f3	1421.6868749814091	0.11336500000004435	[6 5 1 2 3 0 9 8 7 4]	63
0	f2	1421.6868749814091	0.11220400000001973	[6 5 1 2 3 0 9 8 7 4]	369
0	f1	1421.6868749814091	0.11260200000003806	[3 0 9 8 7 4 6 5 1 2]	162
0	f3	1421.6868749814091	0.11231699999996181	[1 2 3 0 9 8 7 4 6 5]	85
0	f2	1421.6868749814091	0.11067099999991115	[3 2 1 5 6 4 7 8 9 0]	223
0	f1	1421.6868749814091	0.11051000000009026	[7 8 9 0 3 2 1 5 6 4]	72
0	f3	1421.6868749814091	0.11150399999996807	[8 7 4 6 5 1 2 3 0 9]	215
0	f2	1421.6868749814091	0.11052200000005996	[0 9 8 7 4 6 5 1 2 3]	326
0	f1	1421.6868749814091	0.11061600000005001	[5 6 4 7 8 9 0 3 2 1]	282
0	f3	1421.6868749814091	0.11281399999995756	[7 8 9 0 3 2 1 5 6 4]	79
0	f2	1421.6868749814091	0.11027100000001155	[0 3 2 1 5 6 4 7 8 9]	173
0	f1	1421.6868749814091	0.11137199999996028	[7 8 9 0 3 2 1 5 6 4]	244
0	f3	1708.0788963491611	0.11180099999990034	[9 8 7 4 6 3 2 1 5 0]	25
0	f2	1421.6868749814091	0.11066300000004503	[6 5 1 2 3 0 9 8 7 4]	69
0	f1	1421.6868749814093	0.11208099999998922	[5 1 2 3 0 9 8 7 4 6]	122
0	f3	1421.6868749814091	0.11088099999994938	[2 1 5 6 4 7 8 9 0 3]	176
0	f2	1421.6868749814093	0.1100579999999809	[4 7 8 9 0 3 2 1 5 6]	126
0	f1	1421.6868749814093	0.11441600000000562	[4 7 8 9 0 3 2 1 5 6]	44
0	f3	1421.6868749814091	0.12110499999994317	[1 5 6 4 7 8 9 0 3 2]	186
0	f2	1708.0788963491614	0.12106500000004417	[5 1 2 3 6 4 7 8 9 0]	85
0	f1	1421.6868749814091	0.11477000000002135	[3 0 9 8 7 4 6 5 1 2]	234
0	f3	1421.6868749814091	0.11090599999999995	[4 6 5 1 2 3 0 9 8 7]	198
0	f2	1421.6868749814091	0.11044999999990068	[1 5 6 4 7 8 9 0 3 2]	239
0	f1	1421.686874981409	0.1118139999999812	[8 9 0 3 2 1 5 6 4 7]	224
0	f3	1421.6868749814091	0.11001999999996315	[0 9 8 7 4 6 5 1 2 3]	39
0	f2	1421.686874981409	0.1109159999999747	[7 4 6 5 1 2 3 0 9 8]	150
0	f1	1421.6868749814091	0.1101179999999431	[6 4 7 8 9 0 3 2 1 5]	24
0	f3	1421.6868749814091	0.11300900000003367	[2 3 0 9 8 7 4 6 5 1]	114
0	f2	1421.6868749814091	0.11064899999996669	[0 3 2 1 5 6 4 7 8 9]	61
0	f1	1632.9153184670415	0.11864600000001246	[6 4 7 3 2 9 8 0 1 5]	90
0	f3	1421.6868749814091	0.11232200000006287	[1 5 6 4 7 8 9 0 3 2]	215
0	f2	1421.6868749814091	0.11009100000001126	[2 3 0 9 8 7 4 6 5 1]	92
0	f1	1421.6868749814091	0.11158100000000104	[9 8 7 4 6 5 1 2 3 0]	235
0	f3	1436.8404634656006	0.11110500000006596	[1 0 3 2 9 8 7 4 6 5]	445
0	f2	1421.6868749814091	0.11130099999991216	[3 2 1 5 6 4 7 8 9 0]	138
0	f1	1421.6868749814091	0.11212299999999686	[1 5 6 4 7 8 9 0 3 2]	474
0	f3	1421.6868749814091	0.111266999999998	[0 3 2 1 5 6 4 7 8 9]	97
0	f2	1421.6868749814091	0.11283000000003085	[6 5 1 2 3 0 9 8 7 4]	99
0	f1	1421.6868749814091	0.11305300000003626	[3 2 1 5 6 4 7 8 9 0]	145
0	f3	1421.6868749814091	0.12177700000006553	[6 4 7 8 9 0 3 2 1 5]	67
0	f2	1421.6868749814091	0.12270499999999629	[6 4 7 8 9 0 3 2 1 5]	88
0	f1	1421.686874981409	0.11593499999992218	[7 4 6 5 1 2 3 0 9 8]	302
0	f3	1421.6868749814091	0.11154099999998834	[8 7 4 6 5 1 2 3 0 9]	59
0	f2	1421.6868749814091	0.10941000000002532	[2 1 5 6 4 7 8 9 0 3]	162
0	f1	1421.6868749814091	0.11322800000004918	[1 5 6 4 7 8 9 0 3 2]	150
0	f3	1421.686874981409	0.11192999999991571	[7 4 6 5 1 2 3 0 9 8]	141
0	f2	1421.6868749814091	0.11080800000002	[3 0 9 8 7 4 6 5 1 2]	110
0	f1	1421.6868749814091	0.10994200000004639	[5 6 4 7 8 9 0 3 2 1]	72
0	f3	1421.6868749814091	0.10980599999993501	[0 3 2 1 5 6 4 7 8 9]	82
0	f2	1421.6868749814091	0.11222599999996419	[3 0 9 8 7 4 6 5 1 2]	92
0	f1	1421.6868749814091	0.11888899999996738	[2 3 0 9 8 7 4 6 5 1]	235
0	f3	1421.6868749814091	0.11149999999997817	[5 6 4 7 8 9 0 3 2 1]	65
0	f2	1421.6868749814091	0.11444400000004862	[4 6 5 1 2 3 0 9 8 7]	341
0	f1	1632.9153184670415	0.11242499999991651	[5 1 0 8 9 2 3 7 4 6]	30
0	f3	1421.686874981409	0.11502099999995608	[7 4 6 5 1 2 3 0 9 8]	117
0	f2	1421.6868749814091	0.11034599999993588	[0 9 8 7 4 6 5 1 2 3]	124
0	f1	1421.6868749814091	0.11080900000001748	[5 6 4 7 8 9 0 3 2 1]	164
0	f3	1632.9153184670413	0.11303900000007161	[3 2 9 8 0 1 5 6 4 7]	128
0	f2	1421.686874981409	0.11297500000000582	[7 4 6 5 1 2 3 0 9 8]	113
0	f1	1421.686874981409	0.11370799999997416	[7 4 6 5 1 2 3 0 9 8]	105
0	f3	1421.6868749814093	0.11502899999993588	[5 1 2 3 0 9 8 7 4 6]	66
0	f2	1421.6868749814091	0.11025400000005448	[9 8 7 4 6 5 1 2 3 0]	72
0	f1	1708.0788963491614	0.11031000000002678	[8 7 4 6 3 2 1 5 0 9]	42
0	f3	1421.686874981409	0.1109159999999747	[9 0 3 2 1 5 6 4 7 8]	215
0	f2	1421.6868749814091	0.1107200000000148	[5 6 4 7 8 9 0 3 2 1]	78
0	f1	1421.686874981409	0.11143600000002607	[7 4 6 5 1 2 3 0 9 8]	128
0	f3	1421.6868749814091	0.11026800000001913	[3 0 9 8 7 4 6 5 1 2]	29
0	f2	1421.6868749814091	0.11204900000007001	[1 5 6 4 7 8 9 0 3 2]	83
0	f1	1421.6868749814091	0.11186299999997118	[7 8 9 0 3 2 1 5 6 4]	173
0	f3	1708.0788963491614	0.11197300000003452	[0 5 1 2 3 6 4 7 8 9]	91
0	f2	1421.686874981409	0.11058400000001711	[8 9 0 3 2 1 5 6 4 7]	135
0	f1	1421.6868749814091	0.11235499999997955	[9 8 7 4 6 5 1 2 3 0]	115
0	f3	1421.6868749814091	0.10965999999996257	[2 3 0 9 8 7 4 6 5 1]	78
0	f2	1421.686874981409	0.11040300000001935	[7 4 6 5 1 2 3 0 9 8]	81
0	f1	1421.6868749814091	0.11222699999996166	[2 3 0 9 8 7 4 6 5 1]	97
0	f3	1421.6868749814091	0.11152300000003379	[5 6 4 7 8 9 0 3 2 1]	48
0	f2	1632.9153184670415	0.11141300000008414	[5 1 0 8 9 2 3 7 4 6]	134
0	f1	1421.6868749814091	0.11169099999995069	[1 5 6 4 7 8 9 0 3 2]	176
0	f3	1421.6868749814091	0.11565500000006068	[0 9 8 7 4 6 5 1 2 3]	457
0	f2	1421.6868749814091	0.11914799999999559	[0 3 2 1 5 6 4 7 8 9]	128
0	f1	1421.6868749814091	0.11110900000005586	[6 5 1 2 3 0 9 8 7 4]	130
0	f3	1421.686874981409	0.11296199999992496	[7 4 6 5 1 2 3 0 9 8]	63
0	f2	1421.686874981409	0.1117619999999988	[8 9 0 3 2 1 5 6 4 7]	130
0	f1	1421.6868749814091	0.11257399999999507	[3 0 9 8 7 4 6 5 1 2]	102
0	f3	1421.686874981409	0.11138000000005377	[7 4 6 5 1 2 3 0 9 8]	388
0	f2	1421.6868749814091	0.11107099999992442	[3 2 1 5 6 4 7 8 9 0]	153
0	f1	1421.6868749814091	0.10983900000007907	[9 8 7 4 6 5 1 2 3 0]	171
0	f3	1421.686874981409	0.11153699999999844	[9 0 3 2 1 5 6 4 7 8]	156
0	f2	1632.9153184670415	0.11475099999995564	[5 1 0 8 9 2 3 7 4 6]	91
0	f1	1421.6868749814093	0.12263700000005429	[4 7 8 9 0 3 2 1 5 6]	128
0	f3	1421.6868749814093	0.11506299999996372	[4 7 8 9 0 3 2 1 5 6]	150
0	f2	1421.6868749814091	0.1112550000000283	[3 0 9 8 7 4 6 5 1 2]	86
0	f1	1421.6868749814091	0.11004400000001624	[0 3 2 1 5 6 4 7 8 9]	19
0	f3	1421.6868749814093	0.11057999999991353	[5 1 2 3 0 9 8 7 4 6]	134
0	f2	1421.6868749814091	0.11123999999995249	[9 8 7 4 6 5 1 2 3 0]	115
0	f1	1421.6868749814091	0.11008299999991777	[4 6 5 1 2 3 0 9 8 7]	198
0	f3	1421.6868749814091	0.10994800000003124	[6 5 1 2 3 0 9 8 7 4]	67
0	f2	1421.686874981409	0.11095399999999245	[8 9 0 3 2 1 5 6 4 7]	205
0	f1	1421.6868749814091	0.11220400000001973	[5 6 4 7 8 9 0 3 2 1]	115
0	f3	1421.6868749814091	0.11846200000002227	[6 4 7 8 9 0 3 2 1 5]	79
0	f2	1421.6868749814091	0.1144570000000158	[5 6 4 7 8 9 0 3 2 1]	72
0	f1	1421.6868749814091	0.11039999999991323	[0 9 8 7 4 6 5 1 2 3]	144
0	f3	1421.6868749814091	0.11035999999990054	[6 5 1 2 3 0 9 8 7 4]	77
0	f2	1421.6868749814091	0.11027899999999136	[2 1 5 6 4 7 8 9 0 3]	142
0	f1	1421.6868749814091	0.11101099999996222	[4 6 5 1 2 3 0 9 8 7]	81
0	f3	1421.6868749814091	0.11110099999996237	[6 4 7 8 9 0 3 2 1 5]	98
0	f2	1421.6868749814091	0.11230000000000473	[5 6 4 7 8 9 0 3 2 1]	163
0	f1	1421.6868749814091	0.11228200000005018	[3 0 9 8 7 4 6 5 1 2]	69
0	f3	1421.6868749814091	0.1115069999999605	[3 2 1 5 6 4 7 8 9 0]	199
0	f2	1632.9153184670415	0.11652300000002924	[7 3 2 9 8 0 1 5 6 4]	176
0	f1	1421.6868749814091	0.11062900000001719	[3 0 9 8 7 4 6 5 1 2]	15
0	f3	1421.686874981409	0.11123599999996259	[9 0 3 2 1 5 6 4 7 8]	192
0	f2	1421.6868749814091	0.11132699999996021	[6 4 7 8 9 0 3 2 1 5]	43
0	f1	1421.6868749814091	0.11198299999989558	[1 2 3 0 9 8 7 4 6 5]	202
0	f3	1421.6868749814091	0.11071899999990364	[0 3 2 1 5 6 4 7 8 9]	187
0	f2	1421.686874981409	0.11327499999993051	[8 9 0 3 2 1 5 6 4 7]	48
0	f1	1421.686874981409	0.11356100000000424	[8 9 0 3 2 1 5 6 4 7]	197
0	f3	1421.6868749814091	0.11331700000005185	[1 2 3 0 9 8 7 4 6 5]	84
0	f2	1421.6868749814091	0.1165369999999939	[2 3 0 9 8 7 4 6 5 1]	241
0	f1	1421.6868749814091	0.1224409999999807	[2 1 5 6 4 7 8 9 0 3]	115
0	f3	1421.686874981409	0.1193510000000515	[8 9 0 3 2 1 5 6 4 7]	128
0	f2	1421.6868749814091	0.11210000000005493	[5 6 4 7 8 9 0 3 2 1]	265
0	f1	1421.686874981409	0.11234200000001238	[9 0 3 2 1 5 6 4 7 8]	103
0	f3	1421.6868749814091	0.11166300000002138	[0 9 8 7 4 6 5 1 2 3]	335
0	f2	1421.6868749814091	0.11302299999999832	[3 0 9 8 7 4 6 5 1 2]	162
0	f1	1421.6868749814091	0.11498899999992318	[8 7 4 6 5 1 2 3 0 9]	63
0	f3	1632.9153184670413	0.11678399999993871	[3 2 9 8 0 1 5 6 4 7]	157
0	f2	1421.6868749814091	0.11051800000007006	[6 4 7 8 9 0 3 2 1 5]	85
0	f1	1421.6868749814091	0.11026700000002165	[5 6 4 7 8 9 0 3 2 1]	108
0	f3	1421.6868749814091	0.11489199999994071	[6 4 7 8 9 0 3 2 1 5]	150
0	f2	1632.9153184670415	0.1233630000000403	[1 0 8 9 2 3 7 4 6 5]	53
0	f1	1421.686874981409	0.12137299999994866	[7 4 6 5 1 2 3 0 9 8]	214
0	f3	1421.6868749814091	0.12157700000000204	[6 5 1 2 3 0 9 8 7 4]	87
0	f2	1421.6868749814091	0.11715500000002521	[9 8 7 4 6 5 1 2 3 0]	50
0	f1	1421.6868749814091	0.10969499999998789	[2 3 0 9 8 7 4 6 5 1]	165
0	f3	1421.6868749814091	0.11121000000002823	[0 9 8 7 4 6 5 1 2 3]	429
0	f2	1421.6868749814093	0.10956099999998514	[4 7 8 9 0 3 2 1 5 6]	134
0	f1	1421.6868749814091	0.11028600000008737	[1 5 6 4 7 8 9 0 3 2]	70
0	f3	1421.6868749814091	0.10984499999995023	[6 4 7 8 9 0 3 2 1 5]	26
0	f2	1421.6868749814091	0.11106199999994715	[0 9 8 7 4 6 5 1 2 3]	120
0	f1	1421.6868749814091	0.11005599999998594	[0 3 2 1 5 6 4 7 8 9]	368
0	f3	1421.6868749814091	0.11023099999999886	[3 2 1 5 6 4 7 8 9 0]	238
0	f2	1421.6868749814091	0.11661399999991318	[8 7 4 6 5 1 2 3 0 9]	124
0	f1	1421.6868749814091	0.12217499999997017	[1 5 6 4 7 8 9 0 3 2]	309
0	f3	1421.6868749814091	0.11911299999997027	[2 1 5 6 4 7 8 9 0 3]	252
0	f2	1708.0788963491614	0.11170800000002146	[7 8 9 0 5 1 2 3 6 4]	35
0	f1	1421.6868749814091	0.11162699999999859	[1 2 3 0 9 8 7 4 6 5]	47
0	f3	1421.6868749814091	0.11233500000003005	[7 8 9 0 3 2 1 5 6 4]	192
0	f2	1421.6868749814091	0.11146400000006906	[3 0 9 8 7 4 6 5 1 2]	124
0	f1	1421.6868749814091	0.11091299999998228	[2 3 0 9 8 7 4 6 5 1]	68
0	f3	1421.6868749814093	0.10951999999997497	[5 1 2 3 0 9 8 7 4 6]	131
0	f2	1421.6868749814091	0.10962300000005598	[0 9 8 7 4 6 5 1 2 3]	55
0	f1	1421.6868749814093	0.11109099999998762	[5 1 2 3 0 9 8 7 4 6]	147
0	f3	1421.6868749814091	0.11591499999997268	[9 8 7 4 6 5 1 2 3 0]	99
0	f2	1421.6868749814091	0.12248199999999088	[4 6 5 1 2 3 0 9 8 7]	101
0	f1	1421.6868749814093	0.1233789999999999	[4 7 8 9 0 3 2 1 5 6]	196
0	f3	1421.686874981409	0.12006400000007034	[8 9 0 3 2 1 5 6 4 7]	234
0	f2	1421.6868749814091	0.11428300000000036	[9 8 7 4 6 5 1 2 3 0]	207
0	f1	1421.6868749814091	0.10984800000005635	[8 7 4 6 5 1 2 3 0 9]	26
0	f3	1421.6868749814093	0.11069099999997434	[4 7 8 9 0 3 2 1 5 6]	89
0	f2	1708.0788963491614	0.11234799999999723	[8 7 4 6 3 2 1 5 0 9]	41
0	f1	1708.0788963491611	0.1115069999999605	[6 4 7 8 9 0 5 1 2 3]	168
0	f3	1632.9153184670415	0.11202100000002702	[5 6 4 7 3 2 9 8 0 1]	306
0	f2	1421.6868749814091	0.11078900000006797	[6 4 7 8 9 0 3 2 1 5]	197
0	f1	1421.6868749814091	0.11278499999991709	[6 5 1 2 3 0 9 8 7 4]	289
0	f3	1421.686874981409	0.11005800000009458	[8 9 0 3 2 1 5 6 4 7]	61
0	f2	1421.686874981409	0.11729600000001028	[7 4 6 5 1 2 3 0 9 8]	171
0	f1	1421.6868749814091	0.12100199999997585	[6 4 7 8 9 0 3 2 1 5]	135
0	f3	1421.6868749814091	0.12121999999999389	[2 3 0 9 8 7 4 6 5 1]	160
0	f2	1421.686874981409	0.11794099999997343	[8 9 0 3 2 1 5 6 4 7]	193
0	f1	1421.686874981409	0.1140619999999899	[7 4 6 5 1 2 3 0 9 8]	200
0	f3	1421.6868749814093	0.1131839999999329	[4 7 8 9 0 3 2 1 5 6]	222
0	f2	1421.6868749814091	0.11494500000003427	[8 7 4 6 5 1 2 3 0 9]	242
0	f1	1421.6868749814091	0.1164689999999382	[2 3 0 9 8 7 4 6 5 1]	200
0	f3	1421.6868749814091	0.11061500000005253	[6 4 7 8 9 0 3 2 1 5]	127
0	f2	1421.6868749814091	0.11206400000003214	[7 8 9 0 3 2 1 5 6 4]	261
0	f1	1421.6868749814091	0.1099859999999353	[6 4 7 8 9 0 3 2 1 5]	259
0	f3	1421.6868749814091	0.11169700000004923	[2 1 5 6 4 7 8 9 0 3]	258
0	f2	1421.6868749814091	0.11825800000008257	[4 6 5 1 2 3 0 9 8 7]	111
0	f1	1421.686874981409	0.12425999999993564	[9 0 3 2 1 5 6 4 7 8]	55
0	f3	1421.6868749814091	0.11626799999999093	[6 4 7 8 9 0 3 2 1 5]	105
0	f2	1421.6868749814093	0.11000400000000354	[4 7 8 9 0 3 2 1 5 6]	97
0	f1	1421.6868749814093	0.1113589999999931	[5 1 2 3 0 9 8 7 4 6]	258
0	f3	1421.6868749814091	0.11113599999998769	[1 5 6 4 7 8 9 0 3 2]	68
0	f2	1632.9153184670415	0.11389700000006542	[4 6 5 1 0 8 9 2 3 7]	125
0	f1	1421.6868749814091	0.11071800000001986	[7 8 9 0 3 2 1 5 6 4]	83
0	f3	1421.686874981409	0.11297899999999572	[8 9 0 3 2 1 5 6 4 7]	81
0	f2	1421.6868749814091	0.11129600000003848	[0 9 8 7 4 6 5 1 2 3]	138
0	f1	1421.6868749814091	0.11066599999992377	[4 6 5 1 2 3 0 9 8 7]	91
0	f3	1421.6868749814091	0.11295999999993	[8 7 4 6 5 1 2 3 0 9]	115
0	f2	1421.6868749814091	0.11252600000000257	[3 0 9 8 7 4 6 5 1 2]	97
0	f1	1632.9153184670415	0.11136099999998805	[1 5 6 4 7 3 2 9 8 0]	156
0	f3	1421.6868749814091	0.11052299999994375	[3 0 9 8 7 4 6 5 1 2]	156
0	f2	1421.6868749814091	0.11208199999998669	[3 2 1 5 6 4 7 8 9 0]	55
0	f1	1421.6868749814091	0.11053600000002461	[8 7 4 6 5 1 2 3 0 9]	35
0	f3	1421.6868749814091	0.11252200000001267	[3 0 9 8 7 4 6 5 1 2]	35
0	f2	1421.6868749814091	0.1113550000000032	[1 5 6 4 7 8 9 0 3 2]	235
0	f1	1708.0788963491614	0.11051900000006754	[5 1 2 3 6 4 7 8 9 0]	71
0	f3	1421.6868749814091	0.11623899999995047	[7 8 9 0 3 2 1 5 6 4]	64
0	f2	1708.0788963491614	0.1113149999999905	[2 1 5 0 9 8 7 4 6 3]	18
0	f1	1421.6868749814091	0.11382700000001478	[3 0 9 8 7 4 6 5 1 2]	64
0	f3	1421.6868749814091	0.11456199999997807	[1 2 3 0 9 8 7 4 6 5]	165
0	f2	1421.6868749814093	0.11565799999993942	[4 7 8 9 0 3 2 1 5 6]	43
0	f1	1421.6868749814091	0.11473000000000866	[8 7 4 6 5 1 2 3 0 9]	122
0	f3	1421.6868749814091	0.11542200000008052	[8 7 4 6 5 1 2 3 0 9]	180
0	f2	1421.6868749814091	0.11530800000002728	[0 3 2 1 5 6 4 7 8 9]	98
0	f1	1421.6868749814091	0.11490500000002157	[2 1 5 6 4 7 8 9 0 3]	177
0	f3	1421.6868749814091	0.11722499999996217	[5 6 4 7 8 9 0 3 2 1]	190
0	f2	1421.686874981409	0.12291699999991579	[8 9 0 3 2 1 5 6 4 7]	154
0	f1	1421.6868749814091	0.1235949999999093	[3 2 1 5 6 4 7 8 9 0]	101
0	f3	1421.6868749814091	0.12451000000010026	[5 6 4 7 8 9 0 3 2 1]	105
0	f2	1421.6868749814091	0.11214300000006006	[1 5 6 4 7 8 9 0 3 2]	140
0	f1	1421.6868749814091	0.11411899999995967	[0 9 8 7 4 6 5 1 2 3]	270
0	f3	1421.6868749814091	0.11444400000004862	[5 6 4 7 8 9 0 3 2 1]	195
0	f2	1632.9153184670413	0.10954499999991185	[7 4 6 5 1 0 8 9 2 3]	44
0	f1	1421.6868749814091	0.11025800000004438	[0 9 8 7 4 6 5 1 2 3]	41
0	f3	1421.6868749814093	0.10924199999999473	[4 7 8 9 0 3 2 1 5 6]	270
0	f2	1421.6868749814091	0.11102999999991425	[3 0 9 8 7 4 6 5 1 2]	34
0	f1	1708.0788963491611	0.11176000000000386	[6 4 7 8 9 0 5 1 2 3]	85
0	f3	1421.6868749814091	0.11315500000000611	[0 3 2 1 5 6 4 7 8 9]	172
0	f2	1421.6868749814091	0.12175700000000234	[6 5 1 2 3 0 9 8 7 4]	163
0	f1	1421.6868749814091	0.12121500000000651	[5 6 4 7 8 9 0 3 2 1]	239
0	f3	1421.6868749814091	0.1223969999999781	[6 5 1 2 3 0 9 8 7 4]	325
0	f2	1421.686874981409	0.11437000000000808	[9 0 3 2 1 5 6 4 7 8]	87
0	f1	1421.6868749814091	0.11409900000001016	[8 7 4 6 5 1 2 3 0 9]	99
0	f3	1421.6868749814091	0.11167899999998099	[5 6 4 7 8 9 0 3 2 1]	205
0	f2	1421.6868749814091	0.11197199999992336	[3 0 9 8 7 4 6 5 1 2]	146
0	f1	1421.6868749814091	0.11087200000008579	[3 2 1 5 6 4 7 8 9 0]	225
0	f3	1421.6868749814091	0.11116599999991195	[1 2 3 0 9 8 7 4 6 5]	190
0	f2	1421.6868749814091	0.11242399999991903	[6 4 7 8 9 0 3 2 1 5]	78
0	f1	1421.6868749814091	0.1132750000000442	[0 9 8 7 4 6 5 1 2 3]	149
0	f3	1421.6868749814091	0.11292200000002595	[6 5 1 2 3 0 9 8 7 4]	87
0	f2	1632.9153184670413	0.12414499999999862	[2 9 8 0 1 5 6 4 7 3]	30
0	f1	1421.6868749814091	0.12362200000006851	[4 6 5 1 2 3 0 9 8 7]	69
0	f3	1421.686874981409	0.12284799999997631	[7 4 6 5 1 2 3 0 9 8]	213
0	f2	1421.6868749814091	0.12276499999995849	[6 5 1 2 3 0 9 8 7 4]	292
0	f1	1632.9153184670415	0.12233200000002853	[0 1 5 6 4 7 3 2 9 8]	54
0	f3	1708.0788963491614	0.12192400000003545	[9 0 5 1 2 3 6 4 7 8]	104
0	f2	1421.6868749814091	0.12043199999993703	[3 0 9 8 7 4 6 5 1 2]	169
0	f1	1421.6868749814091	0.11445000000003347	[1 5 6 4 7 8 9 0 3 2]	47
0	f3	1421.6868749814091	0.10979699999995773	[9 8 7 4 6 5 1 2 3 0]	76
0	f2	1421.686874981409	0.11065799999994397	[8 9 0 3 2 1 5 6 4 7]	206
0	f1	1421.6868749814091	0.11040600000001177	[0 9 8 7 4 6 5 1 2 3]	125
0	f3	1421.6868749814091	0.11000799999999344	[3 2 1 5 6 4 7 8 9 0]	146
0	f2	1421.6868749814091	0.11150999999995292	[2 1 5 6 4 7 8 9 0 3]	108
0	f1	1591.2317764162485	0.11103800000000774	[0 4 6 5 1 2 3 9 8 7]	347
0	f3	1421.6868749814091	0.11057800000003226	[7 8 9 0 3 2 1 5 6 4]	156
0	f2	1421.6868749814091	0.111945999999989	[2 3 0 9 8 7 4 6 5 1]	171
0	f1	1421.6868749814091	0.11517600000001949	[1 2 3 0 9 8 7 4 6 5]	91
0	f3	1421.6868749814091	0.12077999999996791	[3 0 9 8 7 4 6 5 1 2]	128
0	f2	1421.6868749814091	0.12014700000008816	[0 9 8 7 4 6 5 1 2 3]	181
0	f1	1421.686874981409	0.10999499999991258	[8 9 0 3 2 1 5 6 4 7]	230
0	f3	1421.6868749814091	0.11062699999990855	[4 6 5 1 2 3 0 9 8 7]	217
0	f2	1708.0788963491611	0.10993999999993775	[5 0 9 8 7 4 6 3 2 1]	149
0	f1	1421.6868749814091	0.10977600000001075	[4 6 5 1 2 3 0 9 8 7]	280
0	f3	1421.6868749814091	0.10977300000001833	[1 2 3 0 9 8 7 4 6 5]	384
0	f2	1708.0788963491611	0.11124100000006365	[1 5 0 9 8 7 4 6 3 2]	88
0	f1	1421.686874981409	0.10873500000002423	[7 4 6 5 1 2 3 0 9 8]	206
0	f3	1421.686874981409	0.11212299999999686	[7 4 6 5 1 2 3 0 9 8]	81
0	f2	1421.686874981409	0.11160100000006423	[9 0 3 2 1 5 6 4 7 8]	166
0	f1	1421.6868749814091	0.12157799999999952	[7 8 9 0 3 2 1 5 6 4]	94
0	f3	1421.6868749814091	0.11305800000002364	[1 5 6 4 7 8 9 0 3 2]	193
0	f2	1421.6868749814093	0.10984499999995023	[4 7 8 9 0 3 2 1 5 6]	31
0	f1	1421.6868749814091	0.10939500000006319	[1 5 6 4 7 8 9 0 3 2]	190
0	f3	1421.6868749814091	0.11054899999999179	[0 3 2 1 5 6 4 7 8 9]	175
0	f2	1632.9153184670415	0.11038600000006227	[1 0 8 9 2 3 7 4 6 5]	168
0	f1	1421.6868749814091	0.1128879999999981	[6 5 1 2 3 0 9 8 7 4]	288
0	f3	1421.6868749814091	0.11182699999994838	[2 1 5 6 4 7 8 9 0 3]	266
0	f2	1632.9153184670415	0.11108600000000024	[6 5 1 0 8 9 2 3 7 4]	141
0	f1	1632.9153184670415	0.1115429999999833	[1 0 8 9 2 3 7 4 6 5]	55
0	f3	1421.6868749814091	0.12197200000002795	[3 2 1 5 6 4 7 8 9 0]	276
0	f2	1421.6868749814091	0.1217860000000428	[7 8 9 0 3 2 1 5 6 4]	132
0	f1	1421.6868749814091	0.1225289999999859	[6 5 1 2 3 0 9 8 7 4]	185
0	f3	1421.6868749814091	0.11205500000005486	[9 8 7 4 6 5 1 2 3 0]	75
0	f2	1421.6868749814091	0.11085300000002007	[1 5 6 4 7 8 9 0 3 2]	487
0	f1	1708.0788963491611	0.11059599999998682	[6 4 7 8 9 0 5 1 2 3]	146
0	f3	1421.6868749814091	0.10971900000004098	[2 3 0 9 8 7 4 6 5 1]	112
0.01	f2	1421.6868749814091	0.11068199999999706	[0 9 8 7 4 6 5 1 2 3]	225
0.01	f1	1421.6868749814091	0.11053700000002209	[8 7 4 6 5 1 2 3 0 9]	239
0.01	f3	1421.6868749814093	0.11061100000006263	[5 1 2 3 0 9 8 7 4 6]	114
0.01	f2	1421.6868749814091	0.11076600000001235	[2 3 0 9 8 7 4 6 5 1]	57
0.01	f1	1421.6868749814091	0.11041899999997895	[1 2 3 0 9 8 7 4 6 5]	125
0.01	f3	1421.6868749814091	0.11978900000008252	[4 6 5 1 2 3 0 9 8 7]	195
0.01	f2	1421.6868749814091	0.12336099999993166	[3 0 9 8 7 4 6 5 1 2]	192
0.01	f1	1421.6868749814093	0.12457900000003974	[5 1 2 3 0 9 8 7 4 6]	128
0.01	f3	1421.6868749814091	0.12353600000005827	[6 5 1 2 3 0 9 8 7 4]	290
0.01	f2	1421.6868749814091	0.11301100000002862	[3 2 1 5 6 4 7 8 9 0]	166
0.01	f1	1421.6868749814091	0.11027999999998883	[0 9 8 7 4 6 5 1 2 3]	249
0.01	f3	1421.6868749814091	0.11105799999995725	[1 2 3 0 9 8 7 4 6 5]	47
0.01	f2	1421.686874981409	0.1104609999999866	[8 9 0 3 2 1 5 6 4 7]	128
0.01	f1	1421.6868749814091	0.10933199999999488	[0 3 2 1 5 6 4 7 8 9]	266
0.01	f3	1421.686874981409	0.11052000000006501	[8 9 0 3 2 1 5 6 4 7]	101
0.01	f2	1421.6868749814091	0.11114799999995739	[4 6 5 1 2 3 0 9 8 7]	111
0.01	f1	1421.6868749814091	0.10795900000005076	[3 2 1 5 6 4 7 8 9 0]	87
0.01	f3	1683.0069452376415	0.10883799999999155	[8 7 4 6 5 3 2 1 0 9]	422
0.01	f2	1421.6868749814091	0.12339699999995446	[6 5 1 2 3 0 9 8 7 4]	217
0.01	f1	1421.6868749814091	0.12420400000007703	[1 5 6 4 7 8 9 0 3 2]	62
0.01	f3	1708.0788963491614	0.12108499999999367	[5 1 2 3 6 4 7 8 9 0]	19
0.01	f2	1421.6868749814091	0.10963300000003073	[2 3 0 9 8 7 4 6 5 1]	111
0.01	f1	1421.6868749814093	0.11006699999995817	[4 7 8 9 0 3 2 1 5 6]	40
0.01	f3	1421.6868749814091	0.10933599999998478	[6 4 7 8 9 0 3 2 1 5]	198
0.01	f2	1421.6868749814091	0.11035800000001927	[1 2 3 0 9 8 7 4 6 5]	108
0.01	f1	1421.6868749814091	0.10942000000000007	[2 1 5 6 4 7 8 9 0 3]	183
0.01	f3	1421.6868749814091	0.11064499999997679	[4 6 5 1 2 3 0 9 8 7]	297
0.01	f2	1421.6868749814091	0.11193600000001425	[0 9 8 7 4 6 5 1 2 3]	79
0.01	f1	1421.6868749814091	0.11202800000000934	[3 0 9 8 7 4 6 5 1 2]	120
0.01	f3	1421.6868749814091	0.11261400000000776	[0 9 8 7 4 6 5 1 2 3]	109
0.01	f2	1421.6868749814091	0.11808099999996102	[1 5 6 4 7 8 9 0 3 2]	291
0.01	f1	1421.6868749814091	0.11155799999994542	[0 9 8 7 4 6 5 1 2 3]	161
0.01	f3	1421.6868749814091	0.11079399999994166	[3 0 9 8 7 4 6 5 1 2]	129
0.01	f2	1421.686874981409	0.11005999999997584	[9 0 3 2 1 5 6 4 7 8]	57
0.01	f1	1632.9153184670415	0.11258799999995972	[1 5 6 4 7 3 2 9 8 0]	103
0.01	f3	1421.6868749814091	0.1110039999999799	[1 2 3 0 9 8 7 4 6 5]	221
0.01	f2	1708.0788963491611	0.11149999999997817	[1 2 3 6 4 7 8 9 0 5]	134
0.01	f1	1421.6868749814091	0.11267100000009123	[0 9 8 7 4 6 5 1 2 3]	86
0.01	f3	1421.6868749814091	0.11180000000001655	[0 3 2 1 5 6 4 7 8 9]	111
0.01	f2	1421.6868749814091	0.11779599999999846	[8 7 4 6 5 1 2 3 0 9]	244
0.01	f1	1421.6868749814093	0.12202100000001792	[5 1 2 3 0 9 8 7 4 6]	63
0.01	f3	1421.6868749814091	0.12159299999996165	[5 6 4 7 8 9 0 3 2 1]	127
0.01	f2	1421.686874981409	0.12195400000007339	[9 0 3 2 1 5 6 4 7 8]	114
0.01	f1	1421.6868749814091	0.12130700000000161	[5 6 4 7 8 9 0 3 2 1]	74
0.01	f3	1421.6868749814091	0.12148500000000695	[6 4 7 8 9 0 3 2 1 5]	202
0.01	f2	1421.6868749814093	0.12174100000004273	[4 7 8 9 0 3 2 1 5 6]	183
0.01	f1	1421.6868749814091	0.11955599999998867	[7 8 9 0 3 2 1 5 6 4]	102
0.01	f3	1421.6868749814091	0.11022000000002663	[0 3 2 1 5 6 4 7 8 9]	233
0.01	f2	1421.6868749814091	0.11255700000003799	[6 4 7 8 9 0 3 2 1 5]	44
0.01	f1	1421.6868749814091	0.10999200000003384	[6 5 1 2 3 0 9 8 7 4]	71
0.01	f3	1421.6868749814091	0.11207600000000184	[4 6 5 1 2 3 0 9 8 7]	114
0.01	f2	1421.6868749814091	0.11048900000002959	[0 3 2 1 5 6 4 7 8 9]	79
0.01	f1	1632.9153184670415	0.1099219999999832	[6 5 1 0 8 9 2 3 7 4]	101
0.01	f3	1421.6868749814091	0.11132900000006885	[2 3 0 9 8 7 4 6 5 1]	51
0.01	f2	1421.6868749814091	0.11271899999997004	[3 0 9 8 7 4 6 5 1 2]	107
0.01	f1	1421.6868749814091	0.11543200000005527	[3 2 1 5 6 4 7 8 9 0]	178
0.01	f3	1421.6868749814091	0.11129300000004605	[9 8 7 4 6 5 1 2 3 0]	413
0.01	f2	1421.686874981409	0.11186700000007477	[9 0 3 2 1 5 6 4 7 8]	88
0.01	f1	1632.9153184670417	0.1110439999999926	[0 8 9 2 3 7 4 6 5 1]	133
0.01	f3	1421.6868749814091	0.11169199999994817	[3 0 9 8 7 4 6 5 1 2]	154
0.01	f2	1421.6868749814091	0.1113470000000234	[6 4 7 8 9 0 3 2 1 5]	127
0.01	f1	1421.6868749814091	0.11061099999994894	[2 1 5 6 4 7 8 9 0 3]	73
0.01	f3	1421.6868749814091	0.1120339999999942	[2 3 0 9 8 7 4 6 5 1]	122
0.01	f2	1421.6868749814091	0.11215400000003228	[7 8 9 0 3 2 1 5 6 4]	403
0.01	f1	1421.6868749814091	0.11458400000003621	[6 4 7 8 9 0 3 2 1 5]	269
0.01	f3	1421.6868749814091	0.1230560000000196	[2 1 5 6 4 7 8 9 0 3]	95
0.01	f2	1421.686874981409	0.12322099999994407	[7 4 6 5 1 2 3 0 9 8]	207
0.01	f1	1421.6868749814091	0.12143000000003212	[0 9 8 7 4 6 5 1 2 3]	134
0.01	f3	1462.5238385422504	0.12290499999994609	[0 9 2 3 1 5 6 4 7 8]	474
0.01	f2	1421.6868749814091	0.12157799999999952	[7 8 9 0 3 2 1 5 6 4]	124
0.01	f1	1421.6868749814091	0.12216000000000804	[0 3 2 1 5 6 4 7 8 9]	19
0.01	f3	1421.6868749814091	0.12154499999996915	[2 1 5 6 4 7 8 9 0 3]	79
0.01	f2	1421.6868749814091	0.11345299999993586	[0 9 8 7 4 6 5 1 2 3]	157
0.01	f1	1421.6868749814091	0.11255200000005061	[0 9 8 7 4 6 5 1 2 3]	72
0.01	f3	1421.6868749814091	0.11502599999994345	[8 7 4 6 5 1 2 3 0 9]	304
0.01	f2	1421.686874981409	0.11809200000004694	[7 4 6 5 1 2 3 0 9 8]	140
0.01	f1	1421.6868749814091	0.11513999999999669	[0 3 2 1 5 6 4 7 8 9]	215
0.01	f3	1421.6868749814091	0.11103500000001532	[1 2 3 0 9 8 7 4 6 5]	484
0.01	f2	1421.6868749814091	0.11256300000002284	[3 2 1 5 6 4 7 8 9 0]	61
0.01	f1	1632.9153184670413	0.11256200000002536	[7 4 6 5 1 0 8 9 2 3]	24
0.01	f3	1421.6868749814091	0.11572699999999259	[0 9 8 7 4 6 5 1 2 3]	406
0.01	f2	1421.6868749814091	0.1144769999999653	[8 7 4 6 5 1 2 3 0 9]	72
0.01	f1	1421.6868749814091	0.11018100000001141	[0 9 8 7 4 6 5 1 2 3]	213
0.01	f3	1421.6868749814091	0.11020399999995334	[0 9 8 7 4 6 5 1 2 3]	32
0.01	f2	1421.6868749814091	0.11037399999997888	[9 8 7 4 6 5 1 2 3 0]	75
0.01	f1	1421.6868749814091	0.11319300000002386	[0 3 2 1 5 6 4 7 8 9]	74
0.01	f3	1421.686874981409	0.11275499999999283	[7 4 6 5 1 2 3 0 9 8]	85
0.01	f2	1421.6868749814091	0.11249199999997472	[9 8 7 4 6 5 1 2 3 0]	90
0.01	f1	1421.6868749814091	0.11394300000006297	[6 5 1 2 3 0 9 8 7 4]	143
0.01	f3	1421.6868749814091	0.11014000000000124	[3 0 9 8 7 4 6 5 1 2]	409
0.01	f2	1421.6868749814091	0.12429400000007718	[6 5 1 2 3 0 9 8 7 4]	338
0.01	f1	1421.6868749814091	0.12556399999994028	[1 5 6 4 7 8 9 0 3 2]	143
0.01	f3	1421.6868749814091	0.12120200000003933	[1 2 3 0 9 8 7 4 6 5]	138
0.01	f2	1421.6868749814091	0.12147200000003977	[4 6 5 1 2 3 0 9 8 7]	141
0.01	f1	1708.0788963491614	0.1236829999999145	[9 0 5 1 2 3 6 4 7 8]	51
0.01	f3	1421.6868749814091	0.1252919999999449	[2 3 0 9 8 7 4 6 5 1]	110
0.01	f2	1421.6868749814091	0.12146199999995133	[1 5 6 4 7 8 9 0 3 2]	170
0.01	f1	1436.8404634656006	0.1214790000000221	[4 7 8 9 2 3 0 1 5 6]	468
0.01	f3	1421.6868749814093	0.12319300000001476	[4 7 8 9 0 3 2 1 5 6]	318
0.01	f2	1421.6868749814091	0.1208800000000565	[3 2 1 5 6 4 7 8 9 0]	141
0.01	f1	1421.6868749814091	0.11637399999995068	[3 0 9 8 7 4 6 5 1 2]	188
0.01	f3	1421.6868749814091	0.11104100000000017	[7 8 9 0 3 2 1 5 6 4]	494
0.01	f2	1421.6868749814093	0.11156600000003891	[4 7 8 9 0 3 2 1 5 6]	315
0.01	f1	1421.6868749814091	0.11116699999990942	[6 4 7 8 9 0 3 2 1 5]	214
0.01	f3	1421.686874981409	0.10908099999994647	[9 0 3 2 1 5 6 4 7 8]	24
0.01	f2	1421.6868749814091	0.11058399999990343	[2 1 5 6 4 7 8 9 0 3]	212
0.01	f1	1421.6868749814091	0.11022299999990537	[2 3 0 9 8 7 4 6 5 1]	48
0.01	f3	1421.6868749814091	0.11051900000006754	[1 2 3 0 9 8 7 4 6 5]	168
0.01	f2	1421.6868749814091	0.11019900000007965	[3 2 1 5 6 4 7 8 9 0]	87
0.01	f1	1421.6868749814091	0.11403299999994942	[6 4 7 8 9 0 3 2 1 5]	235
0.01	f3	1421.6868749814091	0.1203570000000127	[0 3 2 1 5 6 4 7 8 9]	117
0.01	f2	1421.6868749814091	0.1097220000000334	[0 9 8 7 4 6 5 1 2 3]	49
0.01	f1	1421.6868749814091	0.11060799999995652	[8 7 4 6 5 1 2 3 0 9]	141
0.01	f3	1708.0788963491614	0.11323000000004413	[4 6 3 2 1 5 0 9 8 7]	310
0.01	f2	1421.6868749814091	0.11040800000000672	[3 0 9 8 7 4 6 5 1 2]	185
0.01	f1	1421.6868749814091	0.11036000000001422	[3 0 9 8 7 4 6 5 1 2]	264
0.01	f3	1448.2906288942086	0.11271899999997004	[8 7 4 6 5 1 2 3 9 0]	436
0.01	f2	1421.6868749814091	0.1112070000000358	[6 5 1 2 3 0 9 8 7 4]	115
0.01	f1	1421.6868749814091	0.11028999999996358	[0 3 2 1 5 6 4 7 8 9]	209
0.01	f3	1421.686874981409	0.11132600000007642	[7 4 6 5 1 2 3 0 9 8]	186
0.01	f2	1421.6868749814091	0.12176699999997709	[0 9 8 7 4 6 5 1 2 3]	216
0.01	f1	1421.686874981409	0.11367299999994884	[9 0 3 2 1 5 6 4 7 8]	130
0.01	f3	1421.686874981409	0.11049500000001444	[9 0 3 2 1 5 6 4 7 8]	484
0.01	f2	1421.6868749814091	0.1099179999999933	[0 9 8 7 4 6 5 1 2 3]	164
0.01	f1	1421.6868749814091	0.11139400000001842	[8 7 4 6 5 1 2 3 0 9]	133
0.01	f3	1421.6868749814091	0.11026300000003175	[2 3 0 9 8 7 4 6 5 1]	423
0.01	f2	1421.6868749814091	0.10990300000003117	[3 2 1 5 6 4 7 8 9 0]	262
0.01	f1	1632.9153184670417	0.11142500000005384	[0 8 9 2 3 7 4 6 5 1]	45
0.01	f3	1708.0788963491614	0.11109299999998257	[4 6 3 2 1 5 0 9 8 7]	496
0.01	f2	1421.686874981409	0.10952499999996235	[8 9 0 3 2 1 5 6 4 7]	79
0.01	f1	1421.6868749814091	0.11725699999999506	[6 5 1 2 3 0 9 8 7 4]	104
0.01	f3	1421.686874981409	0.12073700000007648	[8 9 0 3 2 1 5 6 4 7]	131
0.01	f2	1421.6868749814091	0.11043799999993098	[1 5 6 4 7 8 9 0 3 2]	183
0.01	f1	1421.6868749814091	0.10926600000004782	[9 8 7 4 6 5 1 2 3 0]	121
0.01	f3	2117.2873996668063	0.11159399999996822	[5 9 0 8 1 2 3 7 4 6]	494
0.01	f2	1421.6868749814091	0.10971100000006118	[0 9 8 7 4 6 5 1 2 3]	108
0.01	f1	1421.6868749814091	0.11125599999991209	[0 3 2 1 5 6 4 7 8 9]	89
0.01	f3	1421.6868749814091	0.10982900000010432	[7 8 9 0 3 2 1 5 6 4]	72
0.01	f2	1632.9153184670415	0.11084700000003522	[7 3 2 9 8 0 1 5 6 4]	174
0.01	f1	1421.6868749814093	0.11068199999999706	[4 7 8 9 0 3 2 1 5 6]	151
0.01	f3	1421.6868749814091	0.11144999999999072	[3 2 1 5 6 4 7 8 9 0]	101
0.01	f2	1421.6868749814091	0.10995900000000347	[1 5 6 4 7 8 9 0 3 2]	149
0.01	f1	1421.6868749814093	0.1107000000000653	[5 1 2 3 0 9 8 7 4 6]	60
0.01	f3	1421.6868749814091	0.11069999999995161	[1 5 6 4 7 8 9 0 3 2]	240
0.01	f2	1421.6868749814091	0.11068499999998949	[2 3 0 9 8 7 4 6 5 1]	98
0.01	f1	1421.6868749814091	0.11133999999992739	[6 5 1 2 3 0 9 8 7 4]	172
0.01	f3	1421.6868749814091	0.11431900000002315	[6 4 7 8 9 0 3 2 1 5]	431
0.01	f2	1421.6868749814091	0.10914700000000721	[3 0 9 8 7 4 6 5 1 2]	50
0.01	f1	1421.6868749814091	0.11172199999998611	[6 5 1 2 3 0 9 8 7 4]	160
0.01	f3	1421.6868749814093	0.11069700000007288	[5 1 2 3 0 9 8 7 4 6]	95
0.01	f2	1708.0788963491614	0.12294899999994868	[7 4 6 3 2 1 5 0 9 8]	117
0.01	f1	1421.6868749814091	0.12058200000001307	[6 5 1 2 3 0 9 8 7 4]	91
0.01	f3	1421.6868749814091	0.110349000000042	[6 4 7 8 9 0 3 2 1 5]	61
0.01	f2	1421.6868749814091	0.10928799999999228	[3 2 1 5 6 4 7 8 9 0]	329
0.01	f1	1421.6868749814091	0.10990400000002865	[2 1 5 6 4 7 8 9 0 3]	122
0.01	f3	1421.6868749814091	0.11066500000003998	[8 7 4 6 5 1 2 3 0 9]	113
0.01	f2	1421.6868749814091	0.1113070000000107	[3 0 9 8 7 4 6 5 1 2]	177
0.01	f1	1421.6868749814091	0.1108880000000454	[1 5 6 4 7 8 9 0 3 2]	70
0.01	f3	1421.6868749814091	0.11192699999992328	[7 8 9 0 3 2 1 5 6 4]	256
0.01	f2	1421.6868749814091	0.11066200000004756	[5 6 4 7 8 9 0 3 2 1]	220
0.01	f1	1632.9153184670415	0.11071400000002996	[5 1 0 8 9 2 3 7 4 6]	67
0.01	f3	1421.6868749814091	0.11731699999995726	[2 1 5 6 4 7 8 9 0 3]	86
0.01	f2	1421.6868749814091	0.11057900000002974	[9 8 7 4 6 5 1 2 3 0]	124
0.01	f1	1421.686874981409	0.11190299999998388	[9 0 3 2 1 5 6 4 7 8]	177
0.01	f3	1421.686874981409	0.10982000000001335	[9 0 3 2 1 5 6 4 7 8]	283
0.01	f2	1421.6868749814091	0.11181899999996858	[7 8 9 0 3 2 1 5 6 4]	61
0.01	f1	1421.6868749814093	0.11130400000001828	[5 1 2 3 0 9 8 7 4 6]	43
0.01	f3	1421.6868749814093	0.1116940000000568	[4 7 8 9 0 3 2 1 5 6]	111
0.01	f2	1421.6868749814091	0.11271499999998014	[0 3 2 1 5 6 4 7 8 9]	42
0.01	f1	1421.686874981409	0.11164599999995062	[9 0 3 2 1 5 6 4 7 8]	417
0.01	f3	1421.6868749814091	0.11360799999999927	[4 6 5 1 2 3 0 9 8 7]	131
0.01	f2	1421.686874981409	0.11689699999999448	[7 4 6 5 1 2 3 0 9 8]	186
0.01	f1	1421.6868749814091	0.1148520000000417	[3 2 1 5 6 4 7 8 9 0]	109
0.01	f3	1421.6868749814091	0.11627099999998336	[9 8 7 4 6 5 1 2 3 0]	148
0.01	f2	1421.6868749814091	0.11432400000001053	[6 5 1 2 3 0 9 8 7 4]	343
0.01	f1	1421.686874981409	0.11351700000000164	[8 9 0 3 2 1 5 6 4 7]	157
0.01	f3	1421.6868749814091	0.11310200000002624	[1 2 3 0 9 8 7 4 6 5]	149
0.01	f2	1421.6868749814091	0.11373700000001463	[3 0 9 8 7 4 6 5 1 2]	79
0.01	f1	1421.6868749814091	0.11280699999997523	[5 6 4 7 8 9 0 3 2 1]	270
0.01	f3	1421.6868749814091	0.12247000000002117	[4 6 5 1 2 3 0 9 8 7]	242
0.01	f2	1421.6868749814091	0.12024999999994179	[6 4 7 8 9 0 3 2 1 5]	176
0.01	f1	1421.6868749814091	0.11603300000001582	[1 2 3 0 9 8 7 4 6 5]	21
0.01	f3	1421.6868749814091	0.11275100000000293	[0 9 8 7 4 6 5 1 2 3]	50
0.01	f2	1421.6868749814093	0.10994300000004387	[4 7 8 9 0 3 2 1 5 6]	57
0.01	f1	1421.6868749814091	0.11119499999995242	[6 4 7 8 9 0 3 2 1 5]	217
0.01	f3	1421.6868749814091	0.11326800000006187	[3 2 1 5 6 4 7 8 9 0]	232
0.01	f2	1632.9153184670415	0.11049300000001949	[8 9 2 3 7 4 6 5 1 0]	32
0.01	f1	1632.9153184670415	0.11530199999992874	[9 2 3 7 4 6 5 1 0 8]	113
0.01	f3	1421.6868749814091	0.11493600000005699	[4 6 5 1 2 3 0 9 8 7]	325
0.01	f2	1421.6868749814091	0.11952000000007956	[1 2 3 0 9 8 7 4 6 5]	83
0.01	f1	1421.686874981409	0.11797899999999117	[9 0 3 2 1 5 6 4 7 8]	73
0.01	f3	1421.6868749814091	0.11390399999993406	[1 5 6 4 7 8 9 0 3 2]	219
0.01	f2	1421.6868749814091	0.11293799999998555	[3 2 1 5 6 4 7 8 9 0]	401
0.01	f1	1421.6868749814091	0.1098660000000109	[1 2 3 0 9 8 7 4 6 5]	109
0.01	f3	1421.6868749814093	0.10950900000000274	[5 1 2 3 0 9 8 7 4 6]	317
0.01	f2	1421.6868749814091	0.11234799999999723	[0 3 2 1 5 6 4 7 8 9]	285
0.01	f1	1421.6868749814091	0.11430200000006607	[5 6 4 7 8 9 0 3 2 1]	130
0.01	f3	1421.6868749814091	0.11418600000001788	[8 7 4 6 5 1 2 3 0 9]	44
0.01	f2	1421.6868749814091	0.11074900000005528	[2 3 0 9 8 7 4 6 5 1]	160
0.01	f1	1421.686874981409	0.1225009999999429	[7 4 6 5 1 2 3 0 9 8]	245
0.01	f3	1421.6868749814093	0.12295900000003712	[4 7 8 9 0 3 2 1 5 6]	160
0.01	f2	1421.6868749814091	0.12277399999993577	[4 6 5 1 2 3 0 9 8 7]	104
0.01	f1	1421.6868749814091	0.1256590000000415	[9 8 7 4 6 5 1 2 3 0]	215
0.01	f3	1421.6868749814091	0.12283700000000408	[9 8 7 4 6 5 1 2 3 0]	246
0.01	f2	1421.686874981409	0.12098399999990761	[8 9 0 3 2 1 5 6 4 7]	184
0.01	f1	1421.6868749814093	0.11637699999994311	[4 7 8 9 0 3 2 1 5 6]	212
0.01	f3	1421.6868749814093	0.11021500000003925	[4 7 8 9 0 3 2 1 5 6]	209
0.01	f2	1421.6868749814091	0.11384999999995671	[3 2 1 5 6 4 7 8 9 0]	64
0.01	f1	1632.9153184670413	0.11464799999998831	[7 4 6 5 1 0 8 9 2 3]	80
0.01	f3	1421.6868749814093	0.1110439999999926	[5 1 2 3 0 9 8 7 4 6]	288
0.01	f2	1421.6868749814091	0.11178499999994074	[6 5 1 2 3 0 9 8 7 4]	322
0.01	f1	1421.6868749814091	0.11366699999996399	[2 3 0 9 8 7 4 6 5 1]	51
0.01	f3	1421.6868749814091	0.1120379999999841	[5 6 4 7 8 9 0 3 2 1]	241
0.01	f2	1421.6868749814093	0.11333200000001398	[4 7 8 9 0 3 2 1 5 6]	111
0.01	f1	1708.0788963491611	0.11896500000000287	[0 9 8 7 4 6 3 2 1 5]	53
0.01	f3	1421.6868749814091	0.11965500000007978	[9 8 7 4 6 5 1 2 3 0]	80
0.01	f2	1421.6868749814091	0.11447999999995773	[9 8 7 4 6 5 1 2 3 0]	260
0.01	f1	1421.6868749814091	0.10992700000008426	[1 5 6 4 7 8 9 0 3 2]	241
0.01	f3	1421.6868749814091	0.11277099999995244	[3 0 9 8 7 4 6 5 1 2]	279
0.01	f2	1421.6868749814091	0.11686799999995401	[6 4 7 8 9 0 3 2 1 5]	253
0.01	f1	1632.9153184670413	0.11223099999995156	[2 9 8 0 1 5 6 4 7 3]	88
0.01	f3	1421.6868749814091	0.11129399999992984	[6 4 7 8 9 0 3 2 1 5]	497
0.01	f2	1421.686874981409	0.10996399999999085	[9 0 3 2 1 5 6 4 7 8]	232
0.01	f1	1421.6868749814091	0.1097300000000132	[7 8 9 0 3 2 1 5 6 4]	255
0.01	f3	1421.6868749814091	0.11687899999992624	[5 6 4 7 8 9 0 3 2 1]	271
0.01	f2	1421.686874981409	0.11311000000000604	[9 0 3 2 1 5 6 4 7 8]	50
0.01	f1	1421.6868749814093	0.11201099999993858	[4 7 8 9 0 3 2 1 5 6]	361
0.01	f3	1421.686874981409	0.11255700000003799	[7 4 6 5 1 2 3 0 9 8]	241
0.01	f2	1421.6868749814091	0.11305600000002869	[3 2 1 5 6 4 7 8 9 0]	89
0.01	f1	1421.686874981409	0.11104499999999007	[7 4 6 5 1 2 3 0 9 8]	272
0.01	f3	1421.6868749814091	0.11120200000004843	[4 6 5 1 2 3 0 9 8 7]	196
0.01	f2	1421.6868749814091	0.11410699999998997	[3 2 1 5 6 4 7 8 9 0]	165
0.01	f1	1421.6868749814091	0.11249499999996715	[5 6 4 7 8 9 0 3 2 1]	173
0.01	f3	1421.6868749814091	0.1112790000000814	[0 9 8 7 4 6 5 1 2 3]	51
0.01	f2	1421.6868749814091	0.12261399999999867	[2 3 0 9 8 7 4 6 5 1]	139
0.01	f1	1421.6868749814091	0.12252000000000862	[9 8 7 4 6 5 1 2 3 0]	145
0.01	f3	1421.6868749814091	0.12143599999990329	[6 5 1 2 3 0 9 8 7 4]	74
0.01	f2	1421.686874981409	0.12246300000003885	[9 0 3 2 1 5 6 4 7 8]	198
0.01	f1	1421.6868749814091	0.12560399999995298	[2 3 0 9 8 7 4 6 5 1]	273
0.01	f3	1421.686874981409	0.12169800000003761	[8 9 0 3 2 1 5 6 4 7]	215
0.01	f2	1421.6868749814091	0.1213549999999941	[2 3 0 9 8 7 4 6 5 1]	121
0.01	f1	1421.6868749814091	0.12154099999997925	[0 3 2 1 5 6 4 7 8 9]	110
0.01	f3	1421.686874981409	0.12312900000006266	[9 0 3 2 1 5 6 4 7 8]	244
0.01	f2	1421.686874981409	0.12114899999994577	[7 4 6 5 1 2 3 0 9 8]	49
0.01	f1	1421.6868749814091	0.1209760000000415	[0 3 2 1 5 6 4 7 8 9]	79
0.01	f3	1421.6868749814091	0.116504999999961	[6 5 1 2 3 0 9 8 7 4]	269
0.01	f2	1421.6868749814091	0.11002700000005916	[3 0 9 8 7 4 6 5 1 2]	159
0.01	f1	1421.6868749814091	0.11233900000001995	[2 1 5 6 4 7 8 9 0 3]	136
0.01	f3	1421.6868749814091	0.10993199999995795	[2 3 0 9 8 7 4 6 5 1]	154
0.01	f2	1421.6868749814091	0.11208399999998164	[4 6 5 1 2 3 0 9 8 7]	124
0.01	f1	1421.6868749814091	0.11042699999995875	[2 3 0 9 8 7 4 6 5 1]	164
0.01	f3	1421.686874981409	0.11210400000004483	[9 0 3 2 1 5 6 4 7 8]	112
0.01	f2	1421.6868749814091	0.11177300000008472	[0 3 2 1 5 6 4 7 8 9]	139
0.01	f1	1421.6868749814091	0.11201699999992343	[5 6 4 7 8 9 0 3 2 1]	118
0.01	f3	1708.0788963491611	0.12015099999996437	[1 2 3 6 4 7 8 9 0 5]	128
0.01	f2	1421.6868749814091	0.11513500000000931	[9 8 7 4 6 5 1 2 3 0]	101
0.01	f1	1421.6868749814091	0.11361599999997907	[3 0 9 8 7 4 6 5 1 2]	91
0.01	f3	1421.6868749814091	0.10990000000003874	[8 7 4 6 5 1 2 3 0 9]	239
0.01	f2	1421.6868749814091	0.11195099999997637	[9 8 7 4 6 5 1 2 3 0]	258
0.01	f1	1421.6868749814091	0.1113390000000436	[0 3 2 1 5 6 4 7 8 9]	72
0.01	f3	1686.45929588524	0.11177699999996094	[3 2 9 0 8 7 4 5 6 1]	484
0.01	f2	1421.6868749814091	0.1107600000000275	[4 6 5 1 2 3 0 9 8 7]	103
0.01	f1	1708.0788963491611	0.11245899999994435	[9 8 7 4 6 3 2 1 5 0]	37
0.01	f3	1421.686874981409	0.11158199999999852	[9 0 3 2 1 5 6 4 7 8]	151
0.01	f2	1421.6868749814093	0.11959200000001147	[5 1 2 3 0 9 8 7 4 6]	42
0.01	f1	1421.6868749814091	0.12410499999998592	[1 5 6 4 7 8 9 0 3 2]	85
0.01	f3	1421.6868749814091	0.12174600000003011	[9 8 7 4 6 5 1 2 3 0]	131
0.01	f2	1421.6868749814091	0.11281199999996261	[8 7 4 6 5 1 2 3 0 9]	179
0.01	f1	1421.6868749814091	0.11101200000007339	[3 2 1 5 6 4 7 8 9 0]	90
0.01	f3	1484.5601000292502	0.1100299999999379	[6 1 5 0 3 2 9 8 7 4]	497
0.01	f2	1421.6868749814091	0.11140499999999065	[3 0 9 8 7 4 6 5 1 2]	102
0.01	f1	1421.6868749814091	0.11123399999996764	[4 6 5 1 2 3 0 9 8 7]	121
0.01	f3	1421.6868749814091	0.11310600000001614	[5 6 4 7 8 9 0 3 2 1]	301
0.01	f2	1421.6868749814093	0.11207200000001194	[5 1 2 3 0 9 8 7 4 6]	61
0.01	f1	1632.9153184670413	0.1103410000000622	[3 7 4 6 5 1 0 8 9 2]	51
0.01	f3	1421.6868749814091	0.11067600000001221	[1 2 3 0 9 8 7 4 6 5]	160
0.01	f2	1421.6868749814093	0.12289599999996881	[5 1 2 3 0 9 8 7 4 6]	243
0.01	f1	1421.6868749814091	0.12103100000001632	[1 2 3 0 9 8 7 4 6 5]	120
0.01	f3	1421.6868749814091	0.12309300000003986	[7 8 9 0 3 2 1 5 6 4]	398
0.01	f2	1421.6868749814091	0.11563100000000759	[5 6 4 7 8 9 0 3 2 1]	88
0.01	f1	1421.6868749814091	0.11059799999998177	[6 5 1 2 3 0 9 8 7 4]	96
0.01	f3	1632.9153184670413	0.11082599999997456	[7 4 6 5 1 0 8 9 2 3]	77
0.01	f2	1421.6868749814091	0.11117300000000796	[7 8 9 0 3 2 1 5 6 4]	92
0.01	f1	1421.6868749814091	0.11325499999998101	[0 3 2 1 5 6 4 7 8 9]	66
0.01	f3	1421.686874981409	0.11160200000006171	[9 0 3 2 1 5 6 4 7 8]	395
0.01	f2	1708.0788963491611	0.11129000000005362	[6 4 7 8 9 0 5 1 2 3]	53
0.01	f1	1421.6868749814091	0.1093429999999671	[0 9 8 7 4 6 5 1 2 3]	114
0.01	f3	1421.6868749814091	0.11092700000006062	[2 3 0 9 8 7 4 6 5 1]	117
0.01	f2	1421.6868749814091	0.11672599999997146	[7 8 9 0 3 2 1 5 6 4]	388
0.01	f1	1421.6868749814091	0.12205199999993965	[7 8 9 0 3 2 1 5 6 4]	106
0.01	f3	1448.2906288942088	0.11090599999999995	[6 5 1 2 3 9 0 8 7 4]	477
0.01	f2	1421.6868749814091	0.11052199999994627	[6 5 1 2 3 0 9 8 7 4]	96
0.01	f1	1421.6868749814091	0.11061900000004243	[0 3 2 1 5 6 4 7 8 9]	33
0.01	f3	1555.990716974094	0.11067000000002736	[2 0 3 9 8 7 4 6 5 1]	485
0.01	f2	1421.686874981409	0.11032299999999395	[9 0 3 2 1 5 6 4 7 8]	73
0.01	f1	1421.6868749814091	0.11140999999997803	[9 8 7 4 6 5 1 2 3 0]	119
0.01	f3	1421.6868749814091	0.11047800000005736	[0 3 2 1 5 6 4 7 8 9]	426
0.01	f2	1421.6868749814091	0.11233100000004015	[6 5 1 2 3 0 9 8 7 4]	161
0.01	f1	1421.6868749814091	0.1136260000000675	[1 5 6 4 7 8 9 0 3 2]	156
0.01	f3	1421.6868749814091	0.12293699999997898	[0 3 2 1 5 6 4 7 8 9]	417
